# horizontal: Egamma [MeV]. Vertical: Tp per N [MeV]. Contents: sigma_incl_tot contribution
0, 10.000000, 12.022644, 14.454398, 17.378008, 20.892961, 25.118864, 30.199517, 36.307805, 43.651583, 52.480746, 63.095734, 75.857758, 91.201084, 109.647820, 131.825674, 158.489319, 190.546072, 229.086765, 275.422870, 331.131121, 398.107171, 478.630092, 575.439937, 691.830971, 831.763771, 1000.000000, 1202.264435, 1445.439771, 1737.800829, 2089.296131, 2511.886432, 3019.951720, 3630.780548, 4365.158322, 5248.074602, 6309.573445, 7585.775750, 9120.108394, 10964.781961, 13182.567386, 15848.931925, 19054.607180, 22908.676528, 27542.287033, 33113.112148, 39810.717055, 47863.009232, 57543.993734, 69183.097092, 83176.377110, 100000.000000
512000000.0, 25.906164, 34.165824, 45.252947, 59.419832, 77.544714, 100.928038, 129.300902, 164.143929, 206.076084, 252.273000, 302.802372, 364.115072, 437.161163, 510.563102, 586.719178, 665.779512, 745.889979, 834.186324, 922.324572, 1015.231814, 1110.864009, 1212.471302, 1319.440171, 1422.059542, 1531.284816, 1638.668979, 1746.240776, 1849.959320, 1954.176825, 2054.524770, 2148.774233, 2241.763894, 2326.088213, 2409.431737, 2486.416534, 2558.624846, 2626.288815, 2688.635183, 2742.009366, 2799.000513, 2840.594408, 2882.400654, 2916.086428, 2946.679318, 2969.085542, 2988.278751, 3008.279883, 3018.438059, 3025.066264, 3025.217779, 3023.141865
362000000.0, 24.971506, 33.405755, 43.842528, 57.833820, 75.167005, 98.022950, 125.334335, 159.798686, 200.461332, 244.465179, 294.417319, 354.905128, 424.935430, 496.942954, 569.979743, 647.118914, 724.644243, 809.519395, 894.563303, 983.314683, 1076.110934, 1174.005208, 1274.928998, 1373.896026, 1477.462734, 1581.833265, 1682.557264, 1782.259958, 1880.850373, 1974.876066, 2064.816341, 2150.329918, 2228.003556, 2304.596074, 2375.673206, 2444.823240, 2507.063722, 2559.976679, 2611.715750, 2662.417745, 2699.260128, 2734.497802, 2764.851032, 2789.620264, 2807.168955, 2822.278524, 2834.716559, 2842.297707, 2842.226365, 2838.111336, 2831.181387
256000000.0, 23.989381, 32.015009, 42.310416, 56.410186, 73.383395, 94.624455, 122.084941, 155.020952, 194.171952, 238.858307, 287.174712, 346.014814, 414.086987, 484.739173, 553.311867, 628.553124, 704.057600, 786.009040, 868.311272, 952.590996, 1044.603608, 1137.342530, 1232.485501, 1327.796678, 1428.249403, 1525.935343, 1622.893785, 1719.352527, 1807.097959, 1899.539291, 1982.116013, 2064.695567, 2136.210807, 2207.326843, 2273.871182, 2335.686111, 2394.121078, 2444.806766, 2489.705602, 2533.260875, 2565.567910, 2597.691009, 2624.261098, 2642.038828, 2658.997668, 2665.705860, 2673.878326, 2674.840810, 2670.121457, 2667.767794, 2651.746855
181000000.0, 23.395276, 31.272395, 41.215559, 54.307347, 70.940113, 92.097433, 118.693615, 150.833319, 189.242713, 232.237987, 280.331224, 336.616881, 403.242436, 470.941088, 539.763311, 611.559408, 685.047151, 762.014990, 841.626673, 925.632125, 1013.084377, 1103.000505, 1192.810632, 1285.605783, 1380.241554, 1472.540043, 1565.071908, 1659.714041, 1745.414998, 1830.518239, 1908.706526, 1981.675070, 2053.975594, 2117.981478, 2179.134691, 2235.663176, 2287.609630, 2334.867507, 2373.526476, 2414.933150, 2439.021804, 2468.090254, 2492.080401, 2502.815220, 2515.951687, 2521.325265, 2525.376705, 2516.433233, 2510.449359, 2499.073635, 2482.117064
128000000.0, 22.847542, 30.328435, 40.147924, 52.796104, 68.807276, 89.891206, 115.626689, 146.879204, 184.574304, 226.415423, 273.088285, 328.065321, 392.421131, 458.128751, 525.610986, 595.714508, 666.821721, 740.846520, 817.729999, 897.996607, 983.583943, 1068.557372, 1156.852951, 1245.174472, 1336.238969, 1423.267355, 1513.490462, 1601.800829, 1686.057184, 1764.958149, 1839.322952, 1907.040991, 1974.657531, 2034.267838, 2091.313644, 2142.435362, 2188.304299, 2230.400446, 2265.812096, 2301.175069, 2323.441055, 2347.253444, 2363.914972, 2374.888205, 2382.056608, 2381.422382, 2381.217275, 2368.030245, 2356.804942, 2337.999021, 2317.574180
90500000.0, 22.254006, 29.338820, 39.045789, 51.613261, 66.996783, 87.779889, 112.725712, 143.171584, 179.985985, 221.128624, 265.852058, 319.943170, 382.453863, 446.640332, 511.752030, 580.547805, 649.341153, 721.950031, 795.845665, 871.557758, 955.785159, 1035.975221, 1123.183583, 1207.312760, 1295.130299, 1378.020762, 1465.746963, 1547.051930, 1628.496810, 1702.672671, 1773.549787, 1838.169336, 1899.201492, 1955.586560, 2008.884356, 2054.794305, 2095.666069, 2133.328475, 2165.812231, 2193.728798, 2216.257593, 2234.067416, 2243.208323, 2254.700260, 2255.168490, 2247.316960, 2242.720947, 2226.916915, 2208.442615, 2184.448284, 2158.410798
64000000.0, 21.516379, 28.637199, 37.866838, 50.235724, 65.436545, 85.499271, 109.710510, 139.798281, 175.354860, 215.802115, 259.349101, 311.496448, 374.673999, 436.784717, 500.049143, 565.475609, 632.725334, 704.287392, 774.600699, 849.779230, 929.133216, 1008.643587, 1089.782114, 1173.725712, 1255.209749, 1336.833413, 1418.136328, 1498.055683, 1573.318913, 1644.040775, 1711.744066, 1771.116023, 1830.098901, 1881.797989, 1930.169399, 1971.781446, 2009.426383, 2046.972287, 2072.842082, 2096.238649, 2114.185668, 2127.447028, 2135.736289, 2137.675294, 2132.463487, 2121.976082, 2112.831033, 2089.861098, 2065.289075, 2038.073988, 2005.636823
45300000.0, 20.440873, 27.273568, 35.843151, 47.753006, 62.651464, 81.161049, 105.128793, 133.608240, 168.480017, 206.033724, 248.935160, 299.101332, 358.106231, 417.444556, 479.441964, 542.013245, 605.663215, 670.850476, 739.259211, 809.575304, 882.510014, 958.392285, 1032.778680, 1110.964054, 1188.385679, 1263.800266, 1338.711665, 1410.352203, 1480.257394, 1543.992221, 1602.609849, 1655.866583, 1705.690709, 1749.681291, 1789.095615, 1824.099763, 1852.281392, 1879.164255, 1898.209811, 1910.901637, 1918.894576, 1921.009011, 1919.008782, 1910.709676, 1895.774279, 1876.217543, 1852.385733, 1820.570961, 1783.442860, 1742.872421, 1695.760188
32000000.0, 20.440873, 27.273568, 35.843151, 47.753006, 62.651464, 81.161049, 105.128793, 133.608240, 168.480017, 206.033724, 248.935160, 299.101332, 358.106231, 417.444556, 479.441964, 542.013245, 605.663215, 670.850476, 739.259211, 809.575304, 882.510014, 958.392285, 1032.778680, 1110.964054, 1188.385679, 1263.800266, 1338.711665, 1410.352203, 1480.257394, 1543.992221, 1602.609849, 1655.866583, 1705.690709, 1749.681291, 1789.095615, 1824.099763, 1852.281392, 1879.164255, 1898.209811, 1910.901637, 1918.894576, 1921.009011, 1919.008782, 1910.709676, 1895.774279, 1876.217543, 1852.385733, 1820.570961, 1783.442860, 1742.872421, 1695.760188
22600000.0, 20.003455, 26.694197, 35.191599, 46.570236, 61.132375, 79.499839, 103.046728, 131.058586, 164.802948, 202.039665, 244.034122, 293.410171, 350.868099, 409.181861, 469.599449, 530.455863, 593.515232, 657.762934, 723.136335, 791.609146, 862.613496, 935.531246, 1007.777723, 1083.188099, 1157.391056, 1230.063252, 1301.286844, 1370.480687, 1436.538845, 1498.105756, 1551.456542, 1601.857643, 1647.363130, 1687.967453, 1724.539577, 1755.166422, 1779.278510, 1799.871075, 1814.690348, 1823.397759, 1826.774022, 1823.820499, 1816.321671, 1800.153861, 1780.769791, 1755.663640, 1723.861517, 1688.017798, 1644.310650, 1597.559845, 1543.926403
16000000.0, 19.601023, 26.199669, 34.329532, 45.532954, 59.830025, 78.083934, 101.215772, 128.494399, 161.813476, 198.544426, 239.596790, 287.756729, 345.057100, 402.420679, 460.919984, 520.061030, 581.352072, 644.021964, 708.488127, 774.302185, 843.599626, 913.242571, 984.841737, 1056.318284, 1128.011938, 1198.888355, 1266.441128, 1333.493213, 1394.656348, 1453.386562, 1504.429362, 1550.446611, 1592.916103, 1629.346149, 1659.351352, 1688.049769, 1708.196751, 1722.788293, 1733.971025, 1736.763626, 1734.928846, 1727.422985, 1713.857695, 1691.450754, 1666.988348, 1634.605689, 1598.093782, 1555.930139, 1506.572979, 1452.346101, 1393.369326
11300000.0, 19.152847, 25.622807, 33.826090, 44.809807, 58.703772, 76.588079, 99.325522, 126.511786, 159.171113, 195.493224, 235.627041, 282.270971, 338.875116, 394.891738, 452.289504, 510.841836, 570.828016, 631.342480, 694.854245, 758.795826, 826.729956, 895.000402, 962.569643, 1033.249542, 1101.302465, 1169.021936, 1234.418030, 1297.373598, 1356.438050, 1411.125218, 1458.264854, 1500.352715, 1538.838331, 1572.313869, 1598.729006, 1620.087574, 1636.752218, 1646.585112, 1650.914812, 1648.337110, 1640.491162, 1627.612082, 1606.317848, 1579.534645, 1549.532140, 1509.601251, 1466.335997, 1416.038741, 1362.199685, 1301.754048, 1236.729333
8000000.0, 18.714189, 24.858410, 33.209434, 43.838997, 57.619897, 75.131585, 97.449716, 124.209977, 156.141887, 191.655306, 231.011924, 277.366109, 332.420633, 387.528701, 443.655693, 500.969757, 559.648445, 618.475247, 680.143068, 742.279236, 807.770962, 873.764511, 939.065435, 1007.010499, 1072.744445, 1137.179954, 1199.455379, 1259.567248, 1314.884619, 1365.276925, 1408.413586, 1447.789311, 1481.267465, 1509.818259, 1531.898612, 1548.132908, 1559.497590, 1564.540471, 1563.054945, 1554.650912, 1541.026459, 1522.205462, 1494.342963, 1461.829674, 1424.468921, 1378.752885, 1328.468344, 1272.356687, 1212.778029, 1148.333753, 1078.740307
5660000.0, 18.248878, 24.172436, 32.518456, 42.754931, 56.512042, 73.704658, 95.524007, 121.794083, 152.950726, 187.640637, 226.264774, 272.529460, 326.047323, 380.234050, 435.140690, 490.758166, 548.085745, 605.247706, 664.932672, 725.198826, 787.929495, 851.267703, 915.066236, 979.491420, 1042.693562, 1104.060173, 1162.888634, 1219.924346, 1271.093511, 1317.496656, 1356.296818, 1392.076357, 1420.840956, 1443.647176, 1460.746366, 1472.097583, 1477.703524, 1477.630919, 1470.747745, 1456.722014, 1436.781501, 1411.267109, 1377.737813, 1338.894451, 1294.028203, 1243.503327, 1187.204405, 1126.953117, 1061.665297, 994.246526, 921.794208
4000000.0, 17.712953, 23.901837, 31.830887, 41.756661, 55.315864, 72.304425, 93.480809, 119.586548, 149.937738, 184.297891, 222.118687, 267.156664, 320.253227, 372.909940, 426.990110, 480.776280, 536.695649, 591.626784, 650.161992, 708.385831, 769.038391, 830.131121, 891.758058, 953.522380, 1012.010194, 1070.893540, 1126.843480, 1178.648212, 1226.978256, 1270.326726, 1304.099647, 1332.919415, 1358.812580, 1376.497977, 1388.249339, 1392.405248, 1393.396940, 1387.627397, 1374.925572, 1356.248403, 1328.616138, 1295.481463, 1256.864467, 1212.005543, 1161.163256, 1106.024851, 1045.812249, 982.394156, 912.666900, 842.365886, 768.934281
2800000.0, 17.275700, 23.219452, 30.774043, 40.876820, 53.881900, 70.846897, 91.477450, 116.936896, 147.164247, 180.644819, 218.179532, 261.899584, 314.106301, 366.095415, 418.313455, 470.376184, 525.369133, 578.909512, 634.688724, 691.090942, 748.926848, 808.044286, 866.840020, 924.971270, 980.227593, 1035.366795, 1087.414270, 1134.484372, 1178.157738, 1216.887059, 1246.881428, 1272.168892, 1289.892237, 1302.508122, 1308.235555, 1306.959313, 1300.970498, 1288.077802, 1269.298477, 1243.153084, 1210.560452, 1169.603359, 1125.053356, 1075.143922, 1018.026309, 957.323080, 892.344870, 825.832633, 754.324320, 681.139466, 609.097609
2000000.0, 16.843477, 22.563344, 29.992210, 40.102938, 52.746754, 69.370661, 89.762118, 114.605025, 144.778300, 177.474731, 214.740660, 257.752616, 308.647643, 359.405870, 410.377487, 461.440199, 514.332763, 566.559882, 619.943802, 674.339364, 730.168949, 786.017303, 842.211459, 897.682625, 950.256818, 1000.931069, 1049.051017, 1092.589283, 1131.293767, 1164.908611, 1191.350855, 1210.611209, 1221.935320, 1229.746632, 1229.778395, 1223.093567, 1210.876090, 1191.721970, 1166.029194, 1133.863630, 1095.332272, 1049.176826, 999.208630, 943.264746, 882.453822, 817.426209, 750.157328, 681.331733, 610.054779, 537.979073, 468.446773
1410000.0, 16.370108, 21.931394, 29.313961, 39.235535, 51.657212, 67.845268, 88.135322, 112.486163, 142.338419, 174.421117, 211.062853, 253.676025, 303.257607, 352.573170, 402.522886, 452.691721, 503.144118, 553.879374, 604.846089, 657.017764, 710.656543, 762.683759, 815.985573, 868.246315, 918.207639, 964.349036, 1007.832096, 1047.893280, 1081.173353, 1109.235173, 1130.953747, 1143.494612, 1149.532016, 1151.743415, 1145.496979, 1133.023816, 1114.345383, 1088.908067, 1056.724202, 1018.435213, 973.685170, 923.186274, 868.089717, 807.387365, 743.934759, 676.425033, 608.497249, 539.516411, 470.903283, 403.487764, 339.611357
1000000.0, 15.879022, 21.409349, 28.687275, 38.201058, 50.536177, 66.464832, 86.670617, 110.832267, 139.784800, 171.608913, 206.950117, 249.291260, 298.163822, 346.380491, 395.316432, 444.253745, 493.065557, 542.101556, 590.573173, 640.576352, 691.167166, 740.009986, 790.000897, 837.438701, 884.853114, 927.622116, 965.674599, 1001.805725, 1029.754361, 1052.571758, 1067.724818, 1075.358442, 1077.397009, 1073.003173, 1059.935460, 1041.771624, 1016.445104, 984.872672, 948.474500, 903.622253, 853.782493, 799.291094, 740.026195, 678.019866, 612.615477, 545.319968, 478.301769, 412.308556, 348.935728, 289.010509, 234.024637
707000.0, 15.251371, 20.867808, 28.000033, 37.443901, 49.546063, 65.163814, 85.204585, 109.371591, 137.913010, 169.360421, 204.550215, 245.617297, 294.004829, 341.762720, 389.508837, 437.168937, 483.838332, 530.735297, 577.478213, 625.100415, 670.312487, 718.474870, 763.916888, 808.690638, 849.930464, 888.936459, 922.737235, 952.909122, 975.930109, 991.921385, 1001.330911, 1003.275846, 998.811482, 987.381905, 968.826832, 944.118911, 912.647051, 874.994739, 831.899925, 782.104670, 727.666906, 668.853891, 607.087290, 543.280888, 478.290540, 413.128503, 350.362469, 290.914311, 235.838017, 187.240157, 144.414897
500000.0, 14.825059, 20.167173, 27.272558, 36.523513, 48.652991, 64.106299, 83.819392, 107.932282, 136.344835, 167.486848, 202.249331, 242.608297, 290.346562, 337.304181, 384.049558, 430.244610, 474.819767, 519.869591, 563.756814, 608.512975, 650.482529, 695.675789, 737.135918, 777.800965, 814.577024, 848.032347, 876.761970, 901.113650, 919.798714, 928.806246, 931.832756, 928.459311, 916.534218, 899.049450, 874.464166, 844.033422, 806.834268, 763.538093, 715.012693, 661.422232, 603.810859, 542.488567, 479.674111, 416.722426, 355.406152, 296.004866, 241.335558, 191.855438, 148.012705, 110.561345, 79.280953
354000.0, 14.453167, 19.466776, 26.513193, 35.551754, 47.718280, 63.088383, 82.458295, 106.480900, 134.852465, 165.781085, 200.082681, 240.109029, 287.164036, 333.208397, 378.887407, 423.385865, 466.078245, 508.896914, 549.512472, 591.030754, 630.518471, 671.476928, 708.958672, 744.912932, 777.478232, 805.249831, 828.430525, 847.217659, 860.551483, 863.755877, 860.320808, 851.012776, 832.198255, 809.004076, 778.278018, 742.624075, 700.310686, 652.285476, 599.887326, 543.775379, 484.505713, 423.628492, 362.917592, 304.274425, 249.734880, 199.400282, 154.932299, 116.532255, 84.123017, 57.531405, 36.878071
250000.0, 13.985657, 18.910740, 25.719899, 34.632118, 46.591742, 61.889289, 81.045506, 104.967337, 133.189556, 164.013248, 198.087976, 237.938120, 284.406525, 329.661224, 373.925797, 416.429192, 457.584485, 497.072516, 534.690072, 572.670380, 609.025820, 645.484257, 678.397253, 709.827184, 736.993410, 760.401046, 777.836031, 791.322187, 796.927597, 796.531543, 786.996258, 770.373161, 746.368469, 717.336863, 680.783963, 640.259606, 593.722787, 542.362988, 487.949633, 430.951138, 371.961216, 315.035116, 260.188959, 209.202211, 163.904034, 124.730088, 91.187765, 63.665222, 41.767023, 25.181012, 13.626235
177000.0, 13.251651, 18.212263, 24.848765, 33.623564, 45.472047, 60.848646, 79.888349, 103.484344, 131.891851, 161.955922, 195.957307, 235.663278, 281.376348, 325.815665, 368.781962, 409.537356, 447.429819, 483.985073, 518.257975, 552.771480, 585.004795, 616.523186, 645.548857, 671.816515, 693.873046, 710.246197, 722.225120, 729.194965, 729.967608, 721.984877, 706.450039, 683.443502, 655.110561, 619.519174, 578.028115, 532.262878, 482.019952, 428.734093, 373.172012, 317.765374, 264.522866, 214.588001, 168.235372, 128.887346, 94.593346, 66.216171, 43.514026, 26.256129, 14.097565, 6.192200, 2.005930
125000.0, 12.562162, 17.409279, 23.897960, 32.558309, 44.229589, 59.403503, 78.563685, 102.107936, 130.116046, 160.158198, 193.826531, 233.033354, 278.242624, 321.593147, 362.519500, 401.375212, 436.894749, 469.681839, 500.758758, 530.027907, 558.634679, 585.187535, 608.965559, 630.584265, 646.071028, 657.346737, 663.512222, 664.020311, 658.951483, 644.789327, 622.906625, 594.661222, 560.225642, 519.487661, 474.597726, 425.721790, 373.629373, 321.335899, 268.926092, 219.694440, 174.418135, 134.108019, 98.635054, 69.496569, 45.867191, 27.960145, 15.002090, 6.510207, 1.998984, 0.317677, 0.000000
88400.0, 11.855082, 16.523470, 22.825165, 31.359400, 42.830829, 57.692211, 76.845388, 100.451858, 127.866262, 158.120395, 190.941165, 229.509561, 274.211940, 316.184554, 355.147199, 391.602070, 424.494699, 453.351982, 480.598960, 504.785170, 528.827129, 550.676579, 568.905627, 585.370792, 594.633141, 601.159878, 601.296389, 595.991419, 584.496822, 565.013782, 537.620091, 504.307821, 464.824808, 420.763370, 373.914222, 324.552057, 274.238928, 226.361907, 181.120576, 140.541067, 104.901702, 74.719819, 49.872323, 30.712547, 16.611731, 7.499428, 2.434066, 0.236706, 0.000000, 0.000000, 0.000000
62500.0, 11.074638, 15.564009, 21.587380, 29.950980, 41.228304, 55.820172, 74.524896, 98.141452, 125.130149, 155.336186, 186.603746, 224.586436, 268.522224, 308.818220, 346.577597, 379.830454, 408.837038, 434.158945, 456.323791, 477.109373, 494.601726, 512.185069, 525.392406, 535.519158, 540.183606, 541.166960, 535.287899, 525.196076, 507.232461, 483.010385, 451.759517, 413.456534, 371.770503, 326.620158, 279.696862, 232.908414, 188.352848, 147.945003, 112.484525, 81.588937, 56.186647, 35.732585, 20.433849, 10.224439, 3.858173, 0.443133, 0.055000, 0.000165, 0.000000, 0.000000, 0.000000
44200.0, 10.243483, 14.318104, 20.037850, 28.212943, 38.893708, 53.239443, 71.620507, 94.668765, 121.464902, 150.363572, 181.604443, 218.670200, 260.809361, 299.404533, 333.847421, 364.320167, 389.414419, 409.961905, 427.207041, 442.552900, 456.029374, 468.082669, 476.126099, 481.105168, 480.928939, 475.904840, 465.621191, 449.014073, 425.837127, 396.159879, 359.959569, 319.049771, 275.728649, 231.563413, 188.913062, 149.645033, 113.988830, 83.308119, 57.815984, 36.820447, 21.147920, 10.326223, 3.793396, 0.863208, 0.050408, 0.000000, 0.000000, 0.000000, 0.000000, 0.000000, 0.000000
31300.0, 9.280792, 13.110651, 18.504752, 26.126619, 36.460590, 50.237692, 68.259984, 90.427629, 116.862613, 144.821333, 174.913431, 210.257232, 251.236443, 287.342340, 318.810648, 345.416514, 366.448012, 382.318893, 395.228889, 405.256818, 414.702961, 422.070019, 425.359729, 425.242560, 420.452456, 410.602175, 394.937503, 372.685992, 344.509610, 309.843404, 270.871489, 230.232490, 189.198074, 150.464618, 115.350688, 84.965918, 58.965500, 38.007219, 21.998920, 10.417741, 3.690951, 0.782444, 0.025119, 0.000000, 0.000000, 0.000000, 0.000000, 0.000000, 0.000000, 0.000000, 0.000000
22100.0, 8.225432, 11.792172, 16.812215, 23.789237, 33.677002, 46.714424, 64.094748, 85.256511, 110.913844, 137.932368, 166.287268, 199.529321, 238.907505, 272.099318, 300.424993, 322.764572, 339.251380, 351.102148, 359.528064, 364.968927, 370.469834, 373.777052, 373.307533, 368.729309, 359.188392, 344.505417, 323.328797, 296.450892, 264.179740, 226.896515, 188.321694, 151.364615, 116.621857, 86.175025, 60.100834, 39.061701, 22.779228, 10.975474, 4.083257, 0.862067, 0.000000, 0.000000, 0.000000, 0.000000, 0.000000, 0.000000, 0.000000, 0.000000, 0.000000, 0.000000, 0.000000
15600.0, 7.135858, 10.312270, 14.895298, 21.314298, 30.427836, 42.666928, 58.967452, 79.126317, 103.425990, 129.211253, 155.672046, 186.779259, 223.356486, 253.519870, 278.236214, 296.504929, 307.975426, 316.797100, 320.402407, 322.459430, 324.357322, 324.238565, 321.289105, 313.251302, 298.901932, 279.164316, 253.347073, 223.433943, 189.177963, 152.996755, 118.531961, 88.439252, 62.680708, 41.734494, 25.075257, 13.104845, 5.576295, 1.466556, 0.034262, 0.001656, 0.000000, 0.000000, 0.000000, 0.000000, 0.000000, 0.000000, 0.000000, 0.000000, 0.000000, 0.000000, 0.000000
11100.0, 6.106882, 8.791789, 12.816455, 18.467395, 26.345913, 37.596906, 52.558509, 71.221987, 93.618514, 117.316747, 141.182762, 169.589463, 202.465472, 228.437772, 248.867509, 262.452526, 270.317410, 274.317456, 275.833692, 275.461933, 275.604806, 273.619954, 267.244387, 254.991985, 235.254403, 209.546628, 179.073912, 146.762657, 114.051261, 83.841469, 57.944179, 37.740738, 22.285591, 11.527230, 4.699012, 1.162487, 0.179262, 0.004262, 0.000000, 0.000000, 0.000000, 0.000000, 0.000000, 0.000000, 0.000000, 0.000000, 0.000000, 0.000000, 0.000000, 0.000000, 0.000000
7810.0, 3.756283, 6.079084, 9.765939, 15.369555, 23.436570, 34.330275, 48.022890, 63.990345, 81.413025, 99.744945, 119.195040, 140.370990, 163.161450, 186.042900, 206.645850, 223.019400, 234.467100, 241.483650, 245.086800, 246.039150, 244.266750, 238.608450, 227.068800, 207.834750, 181.030200, 150.115200, 120.771825, 96.787200, 77.117895, 58.468215, 39.897930, 23.408250, 11.344665, 4.356945, 1.264639, 0.245906, 0.010155, 0.000000, 0.000000, 0.000000, 0.000000, 0.000000, 0.000000, 0.000000, 0.000000, 0.000000, 0.000000, 0.000000, 0.000000, 0.000000, 0.000000
5520.0, 2.757215, 4.649382, 7.760673, 12.630253, 19.793850, 29.590020, 41.934465, 56.218680, 71.562510, 87.457170, 104.208300, 122.375985, 141.575640, 160.079250, 175.747050, 187.268550, 194.609550, 198.564600, 199.944450, 198.873750, 194.424600, 184.775550, 168.180450, 144.764970, 117.964965, 93.209985, 73.561470, 57.342825, 41.639010, 26.423130, 13.920877, 5.805045, 1.818456, 0.389826, 0.025181, 0.000000, 0.000000, 0.000000, 0.000000, 0.000000, 0.000000, 0.000000, 0.000000, 0.000000, 0.000000, 0.000000, 0.000000, 0.000000, 0.000000, 0.000000, 0.000000
3910.0, 1.869279, 3.321073, 5.815154, 9.862511, 15.976680, 24.467655, 35.202150, 47.508495, 60.474855, 73.647660, 87.413355, 102.253995, 117.565815, 131.611320, 142.686765, 150.137550, 154.367400, 156.130200, 155.731800, 152.532000, 144.966135, 131.390250, 111.830955, 89.468295, 69.282270, 53.679210, 40.698030, 28.018395, 16.278270, 7.521103, 2.605033, 0.622936, 0.060214, 0.000407, 0.000000, 0.000000, 0.000000, 0.000000, 0.000000, 0.000000, 0.000000, 0.000000, 0.000000, 0.000000, 0.000000, 0.000000, 0.000000, 0.000000, 0.000000, 0.000000, 0.000000
2760.0, 1.135868, 2.157128, 4.011720, 7.161898, 12.082605, 19.051470, 27.902880, 37.940865, 48.266475, 58.497300, 69.071850, 80.375715, 91.685040, 101.458635, 108.546915, 112.829160, 114.845055, 115.004280, 112.964160, 107.491770, 97.114980, 81.717855, 64.028385, 48.386805, 36.610725, 26.754000, 17.188695, 8.915190, 3.474854, 0.936384, 0.122015, 0.001302, 0.000000, 0.000000, 0.000000, 0.000000, 0.000000, 0.000000, 0.000000, 0.000000, 0.000000, 0.000000, 0.000000, 0.000000, 0.000000, 0.000000, 0.000000, 0.000000, 0.000000, 0.000000, 0.000000
1950.0, 0.612475, 1.264443, 2.534111, 4.818123, 8.539541, 13.944464, 20.858805, 28.608540, 36.351285, 43.775715, 51.332460, 59.314995, 67.001670, 73.191780, 77.260635, 79.383885, 79.952490, 78.883725, 75.314100, 67.999080, 56.645055, 43.365075, 31.768770, 23.281380, 16.226505, 9.561336, 4.298858, 1.342502, 0.227188, 0.004240, 0.000000, 0.000000, 0.000000, 0.000000, 0.000000, 0.000000, 0.000000, 0.000000, 0.000000, 0.000000, 0.000000, 0.000000, 0.000000, 0.000000, 0.000000, 0.000000, 0.000000, 0.000000, 0.000000, 0.000000, 0.000000
1380.0, 0.306431, 0.701926, 1.543117, 3.170122, 5.967306, 10.166265, 15.599205, 21.619515, 27.428160, 32.750565, 38.028150, 43.499115, 48.521550, 52.241415, 54.406590, 55.254405, 54.866070, 52.696455, 47.711850, 39.435300, 29.388300, 20.616885, 14.425962, 9.455851, 4.997610, 1.868181, 0.406469, 0.014300, 0.000000, 0.000000, 0.000000, 0.000000, 0.000000, 0.000000, 0.000000, 0.000000, 0.000000, 0.000000, 0.000000, 0.000000, 0.000000, 0.000000, 0.000000, 0.000000, 0.000000, 0.000000, 0.000000, 0.000000, 0.000000, 0.000000, 0.000000
980.0, 0.124980, 0.325422, 0.801652, 1.811002, 3.669525, 6.583950, 10.423074, 14.639247, 18.545115, 21.883890, 25.003605, 28.106940, 30.779235, 32.568180, 33.440610, 33.490875, 32.451255, 29.583540, 24.320070, 17.503470, 11.445958, 7.407738, 4.465676, 2.053475, 0.583348, 0.040490, 0.000150, 0.000000, 0.000000, 0.000000, 0.000000, 0.000000, 0.000000, 0.000000, 0.000000, 0.000000, 0.000000, 0.000000, 0.000000, 0.000000, 0.000000, 0.000000, 0.000000, 0.000000, 0.000000, 0.000000, 0.000000, 0.000000, 0.000000, 0.000000, 0.000000
820.0, 0.069139, 0.194683, 0.514191, 1.231227, 2.610048, 4.834526, 7.803341, 11.054781, 13.997200, 16.377690, 18.448590, 20.399610, 21.996765, 22.999380, 23.414655, 23.214720, 22.009185, 19.141770, 14.485285, 9.357461, 5.600844, 3.333351, 1.662571, 0.530889, 0.046462, 0.000206, 0.000000, 0.000000, 0.000000, 0.000000, 0.000000, 0.000000, 0.000000, 0.000000, 0.000000, 0.000000, 0.000000, 0.000000, 0.000000, 0.000000, 0.000000, 0.000000, 0.000000, 0.000000, 0.000000, 0.000000, 0.000000, 0.000000, 0.000000, 0.000000, 0.000000
690.0, 0.033695, 0.103194, 0.293793, 0.749126, 1.667655, 3.197704, 5.272180, 7.542478, 9.548777, 11.051340, 12.173240, 13.084155, 13.758750, 14.149119, 14.255121, 13.934754, 12.768528, 10.307028, 6.825203, 3.676815, 1.871366, 0.941790, 0.341212, 0.039990, 0.000234, 0.000000, 0.000000, 0.000000, 0.000000, 0.000000, 0.000000, 0.000000, 0.000000, 0.000000, 0.000000, 0.000000, 0.000000, 0.000000, 0.000000, 0.000000, 0.000000, 0.000000, 0.000000, 0.000000, 0.000000, 0.000000, 0.000000, 0.000000, 0.000000, 0.000000, 0.000000
580.0, 0.011062, 0.037170, 0.115009, 0.314535, 0.739588, 1.474421, 2.490283, 3.603950, 4.564760, 5.202725, 5.502474, 5.572536, 5.556367, 5.538836, 5.488650, 5.229692, 4.473994, 3.064408, 1.402233, 0.305247, 0.000000, 0.000000, 0.000000, 0.000000, 0.000000, 0.000000, 0.000000, 0.000000, 0.000000, 0.000000, 0.000000, 0.000000, 0.000000, 0.000000, 0.000000, 0.000000, 0.000000, 0.000000, 0.000000, 0.000000, 0.000000, 0.000000, 0.000000, 0.000000, 0.000000, 0.000000, 0.000000, 0.000000, 0.000000, 0.000000, 0.000000
488.0, 0.000000, 0.000291, 0.000984, 0.002904, 0.007247, 0.015077, 0.026153, 0.038357, 0.048966, 0.058348, 0.072467, 0.092939, 0.110988, 0.120340, 0.122180, 0.118426, 0.107909, 0.089271, 0.065687, 0.041762, 0.019481, 0.003743, 0.000000, 0.000000, 0.000000, 0.000000, 0.000000, 0.000000, 0.000000, 0.000000, 0.000000, 0.000000, 0.000000, 0.000000, 0.000000, 0.000000, 0.000000, 0.000000, 0.000000, 0.000000, 0.000000, 0.000000, 0.000000, 0.000000, 0.000000, 0.000000, 0.000000, 0.000000, 0.000000, 0.000000, 0.000000