# horizontal: Egamma [MeV]. Vertical: Tp [MeV]. Contents: sigma_incl_tot contribution
0, 10.000000, 12.022644, 14.454398, 17.378008, 20.892961, 25.118864, 30.199517, 36.307805, 43.651583, 52.480746, 63.095734, 75.857758, 91.201084, 109.647820, 131.825674, 158.489319, 190.546072, 229.086765, 275.422870, 331.131121, 398.107171, 478.630092, 575.439937, 691.830971, 831.763771, 1000.000000, 1202.264435, 1445.439771, 1737.800829, 2089.296131, 2511.886432, 3019.951720, 3630.780548, 4365.158322, 5248.074602, 6309.573445, 7585.775750, 9120.108394, 10964.781961, 13182.567386, 15848.931925, 19054.607180, 22908.676528, 27542.287033, 33113.112148, 39810.717055, 47863.009232, 57543.993734, 69183.097092, 83176.377110, 100000.000000
512000000.0, 7.959683, 10.925296, 14.311390, 19.137629, 24.351657, 32.438780, 41.777390, 52.894560, 66.579565, 82.726730, 98.678627, 118.146217, 142.088773, 165.519434, 190.253505, 214.714652, 239.353073, 266.135846, 291.950761, 320.129595, 347.960034, 379.003472, 408.897164, 440.064170, 469.877990, 500.595398, 531.210126, 559.165202, 585.697521, 614.477827, 638.740153, 660.075756, 682.678791, 700.676035, 721.110827, 736.644206, 756.030952, 769.725728, 781.938022, 792.732561, 803.999037, 812.490789, 820.212912, 827.319691, 830.979013, 833.240837, 837.548981, 836.145025, 838.225055, 838.471847, 836.081563
362000000.0, 7.674866, 10.429850, 13.674323, 18.307827, 23.622368, 31.307955, 40.172102, 51.003444, 64.867003, 80.132181, 95.297004, 114.465055, 137.574343, 160.420937, 184.660815, 206.959493, 231.722864, 257.203432, 281.569046, 309.128494, 336.642144, 365.425614, 393.376766, 423.337632, 451.402122, 481.329655, 509.373128, 537.204710, 562.578923, 589.064359, 610.677856, 630.356046, 651.930560, 669.447071, 686.939431, 700.955081, 718.092778, 730.449252, 743.241561, 752.091970, 762.295156, 767.489805, 774.250326, 781.308039, 783.856739, 783.050598, 787.214061, 785.703348, 784.805190, 784.950265, 781.277662
256000000.0, 7.626787, 9.917553, 13.084979, 17.779821, 23.231021, 30.307379, 38.903989, 49.452127, 62.812249, 76.945998, 92.476448, 111.338645, 133.482521, 156.229722, 177.666870, 199.865817, 223.658066, 247.261926, 273.244852, 298.939006, 326.226940, 352.274897, 379.691053, 407.214230, 435.895343, 460.654666, 489.311603, 515.428184, 539.500789, 562.569427, 583.391713, 604.109478, 622.908871, 640.144554, 654.177376, 668.822463, 683.659784, 694.814297, 704.415312, 713.460584, 722.088910, 727.393287, 732.334586, 737.466595, 739.166013, 740.675500, 739.497013, 739.007586, 736.430677, 733.340042, 729.013114
181000000.0, 7.396193, 9.858143, 12.860213, 16.954310, 22.657327, 29.406374, 37.912004, 48.007257, 60.877789, 74.359094, 89.560391, 108.209810, 129.429474, 151.894655, 172.620083, 194.622231, 217.744439, 240.214489, 265.181995, 289.359072, 315.095699, 339.066437, 367.213076, 393.688200, 420.096999, 445.019501, 472.449715, 496.171665, 520.888109, 542.561413, 562.544011, 579.454085, 598.132838, 613.171532, 624.865169, 640.732244, 652.550815, 662.520938, 671.808727, 678.328290, 685.934796, 691.894578, 695.535949, 697.652581, 698.954509, 698.356034, 698.160745, 696.315220, 691.123529, 684.751753, 680.319256
128000000.0, 7.140415, 9.588931, 12.603405, 16.475363, 21.876010, 28.573552, 36.759212, 46.522320, 58.766209, 72.065890, 87.022890, 105.169646, 125.318388, 147.101003, 167.342600, 189.050514, 211.583459, 233.060383, 256.732971, 280.113264, 305.707237, 327.845398, 354.928383, 381.163718, 405.093777, 429.205121, 455.259211, 478.097355, 501.034465, 522.234632, 540.811971, 555.780823, 574.135957, 587.454190, 599.716575, 613.069090, 623.507466, 632.449355, 640.987073, 646.933884, 652.907596, 656.108209, 659.107315, 660.633856, 660.972570, 658.718090, 657.956844, 655.311125, 648.600091, 641.157294, 633.910644
90500000.0, 6.862633, 9.200083, 12.201496, 16.109671, 21.042323, 27.787789, 35.584903, 45.176086, 56.992018, 70.128050, 84.716814, 102.141541, 121.493993, 142.062363, 162.232561, 183.365749, 205.061110, 225.857784, 248.399529, 271.382954, 296.537301, 317.857812, 343.126635, 369.020010, 391.147671, 413.786558, 438.530117, 460.968705, 481.224252, 502.077919, 519.416064, 533.707499, 550.410973, 562.839530, 575.987895, 586.125663, 596.096082, 604.331536, 611.540814, 617.113500, 621.538434, 621.866872, 623.965451, 625.086817, 624.784181, 620.963740, 618.703660, 614.517524, 606.936233, 599.529113, 589.614325
64000000.0, 6.553339, 8.865899, 11.537644, 15.501204, 20.358929, 27.027496, 34.611470, 44.229514, 56.289211, 68.679872, 82.422371, 99.021886, 118.443074, 137.082231, 158.019377, 178.044049, 198.225783, 218.946716, 240.915566, 263.472674, 285.398685, 308.033779, 332.315188, 356.614188, 378.590181, 399.980901, 423.620491, 444.664870, 463.595096, 483.305935, 500.556111, 514.188291, 526.631725, 539.305524, 550.249064, 560.618273, 569.989680, 578.057857, 583.404294, 586.280039, 590.204367, 591.873298, 591.661543, 589.601992, 590.142415, 584.061387, 580.621872, 572.389600, 563.966266, 556.344901, 547.410561
45300000.0, 6.131275, 8.214464, 10.980593, 14.833657, 19.352356, 25.298932, 32.892673, 42.033548, 52.813294, 64.778696, 77.556558, 93.807174, 112.265329, 130.545021, 149.641535, 168.865527, 188.187080, 207.296203, 227.658503, 248.096766, 269.844497, 290.542268, 311.301234, 333.345331, 354.753155, 376.621986, 395.754762, 414.003159, 433.424288, 450.242680, 463.067411, 476.267798, 488.346855, 496.813478, 506.847883, 515.063414, 519.357876, 525.566194, 529.533859, 530.937970, 532.982863, 528.846463, 528.247523, 524.795637, 518.013485, 512.215111, 504.146606, 495.646676, 483.986137, 472.094361, 458.730720
32000000.0, 6.131275, 8.214464, 10.980593, 14.833657, 19.352356, 25.298932, 32.892673, 42.033548, 52.813294, 64.778696, 77.556558, 93.807174, 112.265329, 130.545021, 149.641535, 168.865527, 188.187080, 207.296203, 227.658503, 248.096766, 269.844497, 290.542268, 311.301234, 333.345331, 354.753155, 376.621986, 395.754762, 414.003159, 433.424288, 450.242680, 463.067411, 476.267798, 488.346855, 496.813478, 506.847883, 515.063414, 519.357876, 525.566194, 529.533859, 530.937970, 532.982863, 528.846463, 528.247523, 524.795637, 518.013485, 512.215111, 504.146606, 495.646676, 483.986137, 472.094361, 458.730720
22600000.0, 5.937641, 7.968855, 10.776133, 14.501478, 19.031204, 24.533726, 32.005852, 41.138998, 51.397521, 63.185404, 76.075555, 91.691630, 109.195176, 126.958705, 145.388062, 164.426172, 182.818433, 202.073663, 221.104799, 241.644638, 261.202058, 282.621058, 302.028706, 323.261777, 343.570108, 363.748911, 382.459540, 400.844815, 417.335891, 435.375656, 447.212503, 458.956335, 469.394319, 477.565282, 486.015477, 491.883801, 495.985873, 500.497318, 502.065790, 502.845079, 503.530865, 499.669776, 496.882943, 491.803837, 484.624233, 476.847569, 467.651045, 456.900028, 443.620942, 431.312795, 414.847424
16000000.0, 5.882121, 7.851189, 10.465459, 13.942573, 18.333819, 24.073683, 31.183396, 39.864427, 50.096017, 61.561649, 74.356512, 89.424557, 107.013629, 124.393212, 142.335204, 160.441522, 178.450034, 196.847670, 215.622488, 234.874353, 254.436025, 274.532060, 294.483876, 314.381675, 334.079711, 353.136001, 371.270176, 388.670107, 404.980156, 418.951029, 431.042012, 442.399478, 451.054207, 459.252819, 465.892717, 470.977251, 474.696023, 477.230207, 478.046730, 477.562909, 475.516203, 472.050009, 466.965876, 459.942133, 452.215223, 442.604673, 431.467158, 419.095970, 405.512355, 390.240782, 373.759622
11300000.0, 5.728234, 7.659525, 10.225036, 13.581109, 17.903844, 23.428401, 30.472176, 38.919490, 48.963734, 60.184450, 72.603755, 87.399758, 104.400189, 121.567091, 139.108675, 156.545665, 174.197767, 192.036236, 209.996062, 228.777724, 247.697948, 267.286438, 286.168835, 305.405647, 324.307328, 342.475058, 359.721428, 376.248211, 391.588652, 404.479525, 415.706064, 425.554510, 433.856919, 440.778069, 445.853535, 450.138203, 452.673614, 453.567888, 452.997763, 451.209081, 447.845264, 442.554020, 435.677541, 427.241240, 417.799328, 406.731858, 393.846173, 379.922213, 364.559746, 348.013870, 330.256045
8000000.0, 5.573857, 7.462747, 9.975009, 13.249702, 17.467864, 22.888870, 29.763315, 38.048872, 47.911968, 58.838620, 70.949168, 85.471919, 102.040728, 118.886822, 136.005221, 152.924700, 170.138580, 187.418742, 204.853805, 222.899243, 241.163707, 259.957296, 278.249769, 296.766371, 314.842213, 332.113141, 348.581714, 364.077946, 378.276999, 390.368874, 400.614484, 408.994328, 416.358101, 422.179428, 425.989309, 428.828225, 430.060047, 429.403971, 427.722262, 424.223213, 419.441872, 412.457645, 403.915635, 394.183957, 382.719072, 370.213488, 355.887409, 340.358590, 323.600313, 305.862832, 287.022382
5660000.0, 5.412281, 7.255527, 9.722143, 12.923751, 17.049145, 22.409093, 29.070182, 37.220951, 46.876180, 57.526042, 69.419782, 83.604445, 99.830774, 116.298020, 132.966361, 149.484940, 166.212393, 182.970313, 199.945256, 217.236081, 234.917853, 252.776277, 270.595685, 288.326213, 305.503362, 321.914365, 337.530437, 351.989125, 364.995284, 376.275431, 385.365875, 392.473534, 398.551115, 403.184822, 405.890124, 407.037999, 406.888216, 404.781830, 401.791280, 396.546325, 390.171821, 381.655112, 371.641990, 360.447001, 347.175702, 333.176146, 317.601195, 300.723815, 282.870076, 264.052997, 244.468603
4000000.0, 5.234163, 7.031155, 9.478334, 12.585405, 16.686269, 21.936760, 28.417467, 36.419240, 45.798898, 56.268753, 68.059973, 81.781358, 97.660293, 113.754317, 129.947469, 146.156948, 162.391246, 178.717080, 195.032917, 211.857684, 229.110412, 246.085433, 263.104117, 280.003004, 296.161609, 311.813553, 326.299288, 339.887056, 351.760113, 362.005693, 369.679052, 375.851306, 380.593782, 383.647514, 385.286380, 384.913806, 383.331615, 379.902926, 374.944282, 368.286872, 360.130298, 350.220498, 339.016304, 325.980783, 311.559915, 295.986561, 279.286401, 261.582162, 242.861220, 223.185454, 203.307920
2800000.0, 5.100818, 6.875853, 9.224620, 12.303278, 16.267069, 21.421868, 27.787229, 35.680015, 44.889574, 55.209431, 66.638444, 80.138644, 95.831436, 111.505277, 127.252390, 143.027245, 158.749977, 174.418620, 190.362095, 206.393597, 222.792023, 239.194366, 255.591125, 271.365671, 286.819748, 301.376358, 314.877407, 327.199403, 338.015057, 346.832481, 353.348458, 358.271591, 361.555452, 363.053745, 363.036559, 361.286677, 357.811708, 352.714782, 346.137649, 337.811089, 327.859240, 316.305966, 303.292070, 288.636882, 273.111261, 256.046906, 238.199318, 219.739770, 200.321846, 180.708969, 160.908548
2000000.0, 4.975346, 6.714217, 8.993160, 12.031888, 15.919749, 20.968939, 27.267521, 35.014570, 44.082517, 54.248985, 65.396817, 78.661708, 94.093718, 109.517210, 124.801869, 140.237018, 155.515794, 170.624354, 186.083612, 201.443264, 217.100027, 232.785119, 248.303842, 263.338028, 277.901259, 291.400568, 303.937323, 315.076075, 324.744288, 332.199076, 337.551938, 341.142397, 342.973573, 342.988222, 341.383186, 338.126083, 333.038486, 326.343469, 318.192643, 308.201644, 296.667590, 283.635860, 269.130444, 253.340688, 236.594172, 218.690977, 200.087111, 181.192493, 161.835445, 142.667548, 123.736159
1410000.0, 4.842650, 6.538463, 8.766398, 11.744655, 15.584729, 20.530367, 26.758458, 34.347265, 43.302065, 53.283559, 64.225026, 77.244311, 92.403238, 107.557627, 122.432360, 137.496074, 152.288416, 166.893093, 181.723755, 196.405531, 211.332200, 226.192406, 240.736797, 254.979333, 268.495785, 280.896534, 292.309204, 302.221574, 310.621126, 316.658733, 320.726338, 322.800337, 323.099622, 321.554416, 318.304993, 313.391382, 306.660578, 298.373361, 288.573601, 276.986120, 263.947348, 249.532336, 233.742124, 217.028733, 199.277657, 181.002982, 162.174548, 143.422186, 124.805203, 106.832603, 89.678044
1000000.0, 4.708104, 6.365426, 8.561938, 11.457771, 15.259853, 20.129340, 26.248581, 33.708495, 42.600905, 52.363051, 63.205943, 76.009199, 90.975855, 105.713931, 120.358003, 134.955368, 149.186300, 163.385832, 177.485263, 191.465665, 205.687714, 219.748776, 233.476981, 246.616310, 259.080826, 270.417638, 280.535060, 289.234001, 296.375887, 301.026781, 303.757551, 304.232643, 303.049936, 299.957950, 295.121826, 288.594927, 280.185448, 270.477536, 259.096991, 246.238879, 231.902383, 216.361711, 199.628626, 182.229973, 164.063515, 145.911073, 127.561476, 109.703132, 92.459902, 76.470785, 61.800603
707000.0, 4.544719, 6.176553, 8.347592, 11.185994, 14.919043, 19.748754, 25.762858, 33.139096, 41.882095, 51.492443, 62.155454, 74.736399, 89.442905, 103.900133, 118.243320, 132.335583, 146.046716, 159.470182, 172.812842, 186.148580, 199.409764, 212.580774, 225.266957, 237.340984, 248.537291, 258.527959, 267.285760, 274.671472, 280.251048, 283.545435, 284.402579, 283.276694, 280.595847, 275.565776, 269.096564, 260.843963, 250.939550, 239.494193, 226.660615, 212.382648, 196.952146, 180.518502, 163.046371, 145.443711, 127.628498, 110.101822, 93.073796, 77.116900, 62.485712, 49.466924, 37.936664
500000.0, 4.383458, 5.967947, 8.100439, 10.896569, 14.579491, 19.352101, 25.286095, 32.572012, 41.209613, 50.702609, 61.221830, 73.595122, 88.029859, 102.187637, 116.149588, 129.747631, 142.818746, 155.625731, 168.199098, 180.697276, 192.945940, 205.093102, 216.722138, 227.612947, 237.555372, 246.228570, 253.485329, 259.387649, 263.398745, 265.073505, 264.256683, 261.477702, 257.024942, 250.457337, 242.230440, 232.414873, 220.986412, 208.182035, 194.023078, 178.679186, 162.499825, 145.666564, 128.240019, 111.112793, 94.368214, 78.507581, 63.794635, 50.628022, 39.051578, 29.085667, 20.755759
354000.0, 4.225901, 5.755469, 7.839773, 10.603038, 14.232907, 18.938846, 24.819272, 32.023735, 40.590615, 49.968813, 60.342547, 72.505718, 86.717798, 100.558008, 114.093887, 127.169860, 139.612541, 151.755513, 163.485927, 175.041301, 186.251180, 197.329204, 207.766764, 217.430117, 226.073839, 233.383646, 239.135575, 243.417324, 245.806059, 245.836228, 243.435499, 238.973099, 232.791136, 224.774472, 214.912660, 203.675479, 190.904563, 177.047905, 161.946304, 146.017439, 129.591081, 113.007175, 96.478931, 80.692661, 65.945229, 52.579497, 40.716406, 30.567082, 22.052460, 15.048835, 9.624615
250000.0, 4.070811, 5.549567, 7.578891, 10.312579, 13.867324, 18.503557, 24.356291, 31.501569, 40.021594, 49.259018, 59.449262, 71.383565, 85.472075, 98.972825, 112.064233, 124.549282, 136.479848, 147.720826, 158.473622, 169.044483, 179.199080, 189.221103, 198.229455, 206.666982, 213.907359, 219.736742, 224.072777, 226.621523, 227.295222, 225.824168, 221.840316, 215.690953, 208.041019, 198.472100, 187.280648, 174.784423, 161.023514, 146.428078, 130.956742, 115.043517, 99.019401, 83.441885, 68.646425, 55.039867, 43.048827, 32.650548, 23.795087, 16.557975, 10.871486, 6.538811, 3.527431
177000.0, 3.876452, 5.318763, 7.301857, 9.946586, 13.471130, 18.069571, 23.814361, 30.932751, 39.305346, 48.542432, 58.552375, 70.403592, 84.207863, 97.336148, 109.961547, 121.858634, 132.975580, 143.290480, 153.052143, 162.340462, 171.372938, 179.972492, 187.828213, 194.744712, 200.442803, 204.565553, 207.183069, 208.199934, 207.245467, 204.026169, 198.277824, 190.648154, 181.327977, 170.260019, 157.978519, 144.341339, 129.907685, 114.894127, 99.567175, 84.463760, 69.871229, 56.377839, 44.303212, 33.734673, 24.652069, 17.247474, 11.286273, 6.809367, 3.649215, 1.611024, 0.511151
125000.0, 3.668610, 5.070831, 6.985151, 9.575066, 13.038141, 17.582430, 23.277468, 30.315323, 38.603155, 47.729248, 57.567505, 69.258808, 82.742797, 95.560527, 107.663142, 118.891424, 129.128896, 138.483006, 147.018112, 155.111746, 162.836890, 170.038578, 176.443876, 181.862137, 185.918135, 188.504530, 189.482779, 188.786957, 186.178131, 181.242111, 173.894734, 164.731000, 153.984676, 141.736649, 128.542611, 114.469863, 99.904189, 85.340300, 71.152572, 57.876929, 45.716137, 34.997925, 25.763752, 18.073225, 11.890972, 7.204335, 3.850494, 1.660551, 0.517750, 0.067265, 0.000000
88400.0, 3.444776, 4.797757, 6.641110, 9.176086, 12.565980, 17.033245, 22.672175, 29.623790, 37.839299, 46.799009, 56.444297, 67.905503, 81.099196, 93.532055, 105.054061, 115.515384, 124.828353, 133.091805, 140.333251, 147.169980, 153.532311, 159.365609, 164.270104, 168.159620, 170.654422, 171.735928, 171.121149, 168.722613, 164.513743, 158.025314, 149.223216, 138.768745, 126.947930, 113.992606, 100.367145, 86.545346, 72.756473, 59.643680, 47.520752, 36.714666, 27.308126, 19.376021, 12.916611, 7.917370, 4.276436, 1.891005, 0.593405, 0.045096, 0.000000, 0.000000, 0.000000
62500.0, 3.201829, 4.492152, 6.274591, 8.728345, 12.044962, 16.407187, 21.933216, 28.825833, 36.937391, 45.719619, 55.123541, 66.289721, 79.261758, 91.126339, 102.003220, 111.585190, 119.932894, 126.908629, 132.908461, 138.319182, 143.351308, 147.838882, 151.360256, 153.663559, 154.781384, 154.307241, 152.141123, 148.187668, 142.506764, 134.723970, 124.665621, 113.365419, 100.945447, 87.892547, 74.551096, 61.702775, 49.632461, 38.779515, 29.293900, 21.205969, 14.513409, 9.174040, 5.243966, 2.571197, 0.948419, 0.043775, 0.005141, 0.000000, 0.000000, 0.000000, 0.000000
44200.0, 2.932856, 4.144536, 5.826339, 8.184165, 11.350083, 15.585884, 21.007134, 27.745381, 35.677330, 44.260199, 53.346272, 64.162738, 76.642658, 87.876927, 97.969900, 106.634013, 113.758102, 119.439574, 124.123836, 128.083590, 131.666920, 134.688846, 136.858600, 137.708660, 137.347764, 135.290720, 131.694453, 126.204961, 118.997227, 109.814351, 98.798260, 86.781174, 74.326665, 61.940784, 50.102878, 39.381954, 29.930288, 21.783059, 14.973822, 9.517854, 5.437703, 2.639557, 0.946085, 0.200829, 0.009348, 0.000000, 0.000000, 0.000000, 0.000000, 0.000000, 0.000000
31300.0, 2.646466, 3.763234, 5.332436, 7.560980, 10.582538, 14.655283, 19.897044, 26.425691, 34.101169, 42.387862, 51.094748, 61.440426, 73.399890, 83.918560, 93.048590, 100.663182, 106.558459, 110.932047, 114.243395, 116.909657, 119.232207, 121.011357, 121.906143, 121.465077, 119.747579, 116.236271, 111.043042, 104.103734, 95.524881, 85.235722, 73.699756, 61.958814, 50.532943, 39.948293, 30.451327, 22.271077, 15.381791, 9.820769, 5.591465, 2.618172, 0.863899, 0.144092, 0.000000, 0.000000, 0.000000, 0.000000, 0.000000, 0.000000, 0.000000, 0.000000, 0.000000
22100.0, 2.340456, 3.358387, 4.796554, 6.852127, 9.692630, 13.557185, 18.546154, 24.775785, 32.120835, 40.006816, 48.231070, 58.001740, 69.276404, 78.933538, 86.984776, 93.420338, 98.079286, 101.139887, 103.167211, 104.700226, 105.992181, 106.759760, 106.578864, 104.950441, 101.889233, 96.906717, 90.197890, 81.961807, 72.395928, 61.712719, 50.649956, 40.323881, 30.877115, 22.669314, 15.739467, 10.116578, 5.763612, 2.634566, 0.863293, 0.097394, 0.000000, 0.000000, 0.000000, 0.000000, 0.000000, 0.000000, 0.000000, 0.000000, 0.000000, 0.000000, 0.000000
15600.0, 2.023307, 2.943796, 4.231884, 6.072017, 8.671944, 12.272333, 16.936427, 22.759607, 29.701063, 37.078308, 44.692639, 53.792718, 64.149756, 72.778778, 79.698034, 84.874416, 88.322782, 90.138296, 91.109436, 91.718722, 92.250459, 92.260842, 91.260347, 88.537265, 84.157338, 77.746907, 69.862381, 60.764516, 50.958679, 40.900690, 31.397989, 23.325777, 16.409098, 10.775315, 6.386798, 3.177957, 1.212180, 0.016707, 0.002052, 0.000013, 0.000000, 0.000000, 0.000000, 0.000000, 0.000000, 0.000000, 0.000000, 0.000000, 0.000000, 0.000000, 0.000000
11100.0, 1.715698, 2.494336, 3.602353, 5.200564, 7.479707, 10.618483, 14.808197, 20.079111, 26.442443, 33.082611, 39.837614, 47.922928, 57.194994, 64.527756, 70.070278, 74.023975, 76.212214, 77.196620, 77.592124, 77.813855, 77.888272, 77.454341, 75.442213, 71.244094, 65.208850, 57.206170, 48.217107, 39.163425, 30.527874, 22.393105, 15.222536, 9.719705, 5.595483, 2.755534, 1.003628, 0.153467, 0.008824, 0.000000, 0.000000, 0.000000, 0.000000, 0.000000, 0.000000, 0.000000, 0.000000, 0.000000, 0.000000, 0.000000, 0.000000, 0.000000, 0.000000
7810.0, 1.001676, 1.621089, 2.604250, 4.098548, 6.249752, 9.154740, 12.806104, 17.064092, 21.710140, 26.598652, 31.785344, 37.432264, 43.509720, 49.611440, 55.105560, 59.471840, 62.524560, 64.395640, 65.356480, 65.610440, 65.137800, 63.628920, 60.551680, 55.422600, 48.274720, 40.030720, 32.205820, 25.809920, 20.564772, 15.591524, 10.639448, 6.242200, 3.025244, 1.161852, 0.337237, 0.065575, 0.002708, 0.000000, 0.000000, 0.000000, 0.000000, 0.000000, 0.000000, 0.000000, 0.000000, 0.000000, 0.000000, 0.000000, 0.000000, 0.000000, 0.000000
5520.0, 0.735257, 1.239835, 2.069513, 3.368068, 5.278360, 7.890672, 11.182524, 14.991648, 19.083336, 23.321912, 27.788880, 32.633596, 37.753504, 42.687800, 46.865880, 49.938280, 51.895880, 52.950560, 53.318520, 53.033000, 51.846560, 49.273480, 44.848120, 38.603992, 31.457324, 24.855996, 19.616392, 15.291420, 11.103736, 7.046168, 3.712234, 1.548012, 0.484922, 0.103954, 0.006715, 0.000000, 0.000000, 0.000000, 0.000000, 0.000000, 0.000000, 0.000000, 0.000000, 0.000000, 0.000000, 0.000000, 0.000000, 0.000000, 0.000000, 0.000000, 0.000000
3910.0, 0.498474, 0.885620, 1.550708, 2.630003, 4.260448, 6.524708, 9.387240, 12.668932, 16.126628, 19.639376, 23.310228, 27.267732, 31.350884, 35.096352, 38.049804, 40.036680, 41.164640, 41.634720, 41.528480, 40.675200, 38.657636, 35.037400, 29.821588, 23.858212, 18.475272, 14.314456, 10.852808, 7.471572, 4.340872, 2.005628, 0.694676, 0.166116, 0.016057, 0.000109, 0.000000, 0.000000, 0.000000, 0.000000, 0.000000, 0.000000, 0.000000, 0.000000, 0.000000, 0.000000, 0.000000, 0.000000, 0.000000, 0.000000, 0.000000, 0.000000, 0.000000
2760.0, 0.302898, 0.575234, 1.069792, 1.909840, 3.222028, 5.080392, 7.440768, 10.117564, 12.871060, 15.599280, 18.419160, 21.433524, 24.449344, 27.055636, 28.945844, 30.087776, 30.625348, 30.667808, 30.123776, 28.664472, 25.897328, 21.791428, 17.074236, 12.903148, 9.762860, 7.134400, 4.583652, 2.377384, 0.926628, 0.249702, 0.032537, 0.000347, 0.000000, 0.000000, 0.000000, 0.000000, 0.000000, 0.000000, 0.000000, 0.000000, 0.000000, 0.000000, 0.000000, 0.000000, 0.000000, 0.000000, 0.000000, 0.000000, 0.000000, 0.000000, 0.000000
1950.0, 0.163327, 0.337185, 0.675763, 1.284833, 2.277211, 3.718524, 5.562348, 7.628944, 9.693676, 11.673524, 13.688656, 15.817332, 17.867112, 19.517808, 20.602836, 21.169036, 21.320664, 21.035660, 20.083760, 18.133088, 15.105348, 11.564020, 8.471672, 6.208368, 4.327068, 2.549690, 1.146362, 0.358000, 0.060584, 0.001131, 0.000000, 0.000000, 0.000000, 0.000000, 0.000000, 0.000000, 0.000000, 0.000000, 0.000000, 0.000000, 0.000000, 0.000000, 0.000000, 0.000000, 0.000000, 0.000000, 0.000000, 0.000000, 0.000000, 0.000000, 0.000000
1380.0, 0.081715, 0.187180, 0.411498, 0.845366, 1.591282, 2.711004, 4.159788, 5.765204, 7.314176, 8.733484, 10.140840, 11.599764, 12.939080, 13.931044, 14.508424, 14.734508, 14.630952, 14.052388, 12.723160, 10.516080, 7.836880, 5.497836, 3.846923, 2.521560, 1.332696, 0.498182, 0.108392, 0.003813, 0.000000, 0.000000, 0.000000, 0.000000, 0.000000, 0.000000, 0.000000, 0.000000, 0.000000, 0.000000, 0.000000, 0.000000, 0.000000, 0.000000, 0.000000, 0.000000, 0.000000, 0.000000, 0.000000, 0.000000, 0.000000, 0.000000, 0.000000
980.0, 0.033328, 0.086779, 0.213774, 0.482934, 0.978540, 1.755720, 2.779486, 3.903799, 4.945364, 5.835704, 6.667628, 7.495184, 8.207796, 8.684848, 8.917496, 8.930900, 8.653668, 7.888944, 6.485352, 4.667592, 3.052256, 1.975397, 1.190847, 0.547593, 0.155559, 0.010797, 0.000040, 0.000000, 0.000000, 0.000000, 0.000000, 0.000000, 0.000000, 0.000000, 0.000000, 0.000000, 0.000000, 0.000000, 0.000000, 0.000000, 0.000000, 0.000000, 0.000000, 0.000000, 0.000000, 0.000000, 0.000000, 0.000000, 0.000000, 0.000000, 0.000000
820.0, 0.018437, 0.051915, 0.137118, 0.328327, 0.696013, 1.289207, 2.080891, 2.947942, 3.732587, 4.367384, 4.919624, 5.439896, 5.865804, 6.133168, 6.243908, 6.190592, 5.869116, 5.104472, 3.862743, 2.495323, 1.493558, 0.888894, 0.443352, 0.141570, 0.012390, 0.000055, 0.000000, 0.000000, 0.000000, 0.000000, 0.000000, 0.000000, 0.000000, 0.000000, 0.000000, 0.000000, 0.000000, 0.000000, 0.000000, 0.000000, 0.000000, 0.000000, 0.000000, 0.000000, 0.000000, 0.000000, 0.000000, 0.000000, 0.000000, 0.000000, 0.000000
690.0, 0.008985, 0.027518, 0.078345, 0.199767, 0.444708, 0.852721, 1.405915, 2.011328, 2.546340, 2.947024, 3.246197, 3.489108, 3.669000, 3.773098, 3.801366, 3.715934, 3.404941, 2.748541, 1.820054, 0.980484, 0.499031, 0.251144, 0.090990, 0.010664, 0.000062, 0.000000, 0.000000, 0.000000, 0.000000, 0.000000, 0.000000, 0.000000, 0.000000, 0.000000, 0.000000, 0.000000, 0.000000, 0.000000, 0.000000, 0.000000, 0.000000, 0.000000, 0.000000, 0.000000, 0.000000, 0.000000, 0.000000, 0.000000, 0.000000, 0.000000, 0.000000
580.0, 0.002950, 0.009912, 0.030669, 0.083876, 0.197224, 0.393179, 0.664076, 0.961053, 1.217269, 1.387393, 1.467326, 1.486010, 1.481698, 1.477023, 1.463640, 1.394584, 1.193065, 0.817176, 0.373929, 0.081399, 0.000000, 0.000000, 0.000000, 0.000000, 0.000000, 0.000000, 0.000000, 0.000000, 0.000000, 0.000000, 0.000000, 0.000000, 0.000000, 0.000000, 0.000000, 0.000000, 0.000000, 0.000000, 0.000000, 0.000000, 0.000000, 0.000000, 0.000000, 0.000000, 0.000000, 0.000000, 0.000000, 0.000000, 0.000000, 0.000000, 0.000000
488.0, 0.000000, 0.000078, 0.000262, 0.000774, 0.001933, 0.004021, 0.006974, 0.010228, 0.013058, 0.015559, 0.019325, 0.024784, 0.029597, 0.032091, 0.032581, 0.031580, 0.028776, 0.023806, 0.017516, 0.011137, 0.005195, 0.000998, 0.000000, 0.000000, 0.000000, 0.000000, 0.000000, 0.000000, 0.000000, 0.000000, 0.000000, 0.000000, 0.000000, 0.000000, 0.000000, 0.000000, 0.000000, 0.000000, 0.000000, 0.000000, 0.000000, 0.000000, 0.000000, 0.000000, 0.000000, 0.000000, 0.000000, 0.000000, 0.000000, 0.000000, 0.000000