# horizontal: Egamma [MeV]. Vertical: Tp per N [MeV]. Contents: sigma_incl_tot contribution
0, 10.000000, 12.022644, 14.454398, 17.378008, 20.892961, 25.118864, 30.199517, 36.307805, 43.651583, 52.480746, 63.095734, 75.857758, 91.201084, 109.647820, 131.825674, 158.489319, 190.546072, 229.086765, 275.422870, 331.131121, 398.107171, 478.630092, 575.439937, 691.830971, 831.763771, 1000.000000, 1202.264435, 1445.439771, 1737.800829, 2089.296131, 2511.886432, 3019.951720, 3630.780548, 4365.158322, 5248.074602, 6309.573445, 7585.775750, 9120.108394, 10964.781961, 13182.567386, 15848.931925, 19054.607180, 22908.676528, 27542.287033, 33113.112148, 39810.717055, 47863.009232, 57543.993734, 69183.097092, 83176.377110, 100000.000000
512000000.0, 6.659747, 8.879830, 12.297189, 16.128511, 20.356517, 26.681946, 34.820100, 42.947388, 54.146773, 66.030921, 79.011349, 95.301275, 114.621500, 133.921266, 152.972567, 174.842529, 196.646363, 220.311285, 243.161825, 269.650307, 296.196475, 321.996549, 349.467286, 378.053134, 409.477943, 438.916708, 465.963894, 495.470841, 524.108739, 551.572617, 577.220623, 602.778717, 627.662873, 647.471533, 674.337460, 695.754149, 711.959908, 730.623702, 747.659255, 760.943730, 776.560316, 790.627620, 799.551684, 810.595355, 815.531400, 824.933353, 829.432925, 833.839138, 837.200864, 840.627881, 840.111842
362000000.0, 6.739867, 8.795637, 11.686193, 15.311220, 19.799075, 25.654066, 33.147234, 41.821542, 52.565143, 64.373173, 77.385140, 93.225372, 111.894849, 130.502263, 150.235369, 170.476873, 191.808093, 213.654548, 236.646784, 260.799052, 286.125994, 311.927973, 339.308460, 366.240998, 394.158383, 422.209958, 449.543962, 477.745652, 504.421851, 530.346398, 555.125142, 578.661851, 601.588755, 622.861521, 643.130362, 662.552043, 679.962843, 696.606914, 711.756524, 725.014570, 737.790237, 749.161940, 758.714603, 766.171864, 773.797346, 779.465721, 783.789751, 786.505494, 788.426543, 789.674744, 789.935606
256000000.0, 6.448122, 8.557664, 11.364344, 14.832725, 19.320201, 25.042999, 32.261241, 40.736695, 51.057084, 62.656306, 75.581883, 90.984777, 108.857880, 126.706810, 146.245937, 165.889628, 186.282307, 207.432074, 229.843929, 253.107820, 277.239283, 302.164895, 327.728201, 354.357826, 381.303197, 407.318113, 434.425463, 460.750935, 486.058319, 511.094877, 533.751054, 556.706412, 577.595522, 597.498423, 616.729043, 633.856985, 650.768916, 665.289776, 678.983097, 690.932520, 702.320922, 712.112850, 720.595668, 727.583345, 732.887046, 737.303793, 740.834294, 741.943252, 742.396260, 742.892334, 741.184142
181000000.0, 6.242644, 8.294385, 10.940957, 14.358684, 18.732249, 24.326599, 31.414373, 39.660592, 49.937928, 61.138198, 73.929913, 88.707056, 105.932788, 123.781190, 142.443853, 161.743756, 181.626075, 201.924567, 223.636292, 245.977449, 268.955211, 293.421036, 317.868226, 343.173760, 369.075529, 394.306919, 419.814328, 444.912189, 469.132744, 492.580822, 514.217000, 535.272639, 555.076678, 574.141068, 591.155113, 607.709939, 622.352014, 636.288932, 648.594479, 659.102353, 669.708222, 677.549379, 685.191404, 690.352348, 695.093835, 698.446874, 700.336611, 700.541044, 700.140211, 698.159064, 695.891449
128000000.0, 6.056520, 8.054535, 10.596087, 13.958204, 18.224881, 23.609772, 30.556098, 38.735296, 48.652052, 59.527996, 72.071523, 86.340442, 103.265913, 120.873609, 138.922480, 157.376672, 176.968440, 196.451374, 217.349635, 238.997983, 261.276709, 284.759691, 308.450458, 332.895920, 357.496503, 381.827800, 406.160385, 429.932061, 453.110122, 475.140860, 495.921856, 515.262959, 534.063203, 552.190760, 567.924265, 583.135362, 596.363097, 609.389960, 620.371265, 630.101957, 639.157578, 645.821198, 652.207955, 656.155598, 659.556901, 661.597598, 662.315835, 661.442352, 659.561946, 656.493038, 652.232147
90500000.0, 5.892871, 7.831356, 10.307878, 13.625053, 17.770599, 22.964543, 29.736436, 37.858082, 47.341518, 58.001177, 70.182771, 84.091177, 100.762698, 117.956291, 135.588176, 153.166034, 172.352915, 191.152697, 211.232968, 232.284227, 254.085763, 276.463903, 299.498524, 323.220218, 346.549467, 369.846549, 393.269850, 415.791866, 437.959383, 458.799887, 478.575790, 496.743301, 514.358650, 531.318480, 546.303918, 559.952405, 572.361543, 584.120655, 594.020967, 603.078660, 610.367138, 616.142900, 621.053688, 624.088295, 625.877411, 626.507749, 626.007142, 624.003811, 620.284133, 616.489753, 609.888004
64000000.0, 5.766526, 7.610357, 10.027191, 13.347263, 17.309274, 22.492538, 29.041061, 36.859845, 46.291286, 56.868381, 68.576712, 82.289472, 98.277698, 115.099083, 132.306361, 149.781820, 167.964814, 186.344758, 205.764317, 226.088003, 247.252258, 269.109220, 291.250531, 313.727712, 336.269083, 358.527649, 380.877041, 402.580100, 423.782279, 443.656631, 461.918405, 479.838825, 495.795510, 511.220715, 525.212336, 538.139967, 549.707583, 559.979082, 569.318332, 576.937521, 583.152068, 587.553879, 591.090575, 592.893018, 593.745609, 593.107740, 590.495796, 587.562178, 582.093584, 576.289029, 568.679637
45300000.0, 5.447776, 7.212237, 9.581044, 12.661659, 16.553019, 21.545666, 27.767890, 35.327910, 44.218477, 54.188874, 65.506179, 78.675550, 94.219811, 109.926977, 126.271667, 142.819223, 159.958959, 177.527659, 195.702571, 214.796836, 234.433011, 254.702193, 275.654672, 296.471626, 317.462698, 338.260442, 358.466548, 378.579496, 397.713389, 415.676354, 432.039988, 447.370893, 462.099279, 474.790676, 486.649505, 496.998972, 506.345622, 514.138194, 520.702233, 525.751161, 529.508414, 531.861816, 532.567642, 532.002625, 529.591134, 526.031789, 520.720093, 514.165232, 505.919516, 496.211620, 485.494402
32000000.0, 5.447776, 7.212237, 9.581044, 12.661659, 16.553019, 21.545666, 27.767890, 35.327910, 44.218477, 54.188874, 65.506179, 78.675550, 94.219811, 109.926977, 126.271667, 142.819223, 159.958959, 177.527659, 195.702571, 214.796836, 234.433011, 254.702193, 275.654672, 296.471626, 317.462698, 338.260442, 358.466548, 378.579496, 397.713389, 415.676354, 432.039988, 447.370893, 462.099279, 474.790676, 486.649505, 496.998972, 506.345622, 514.138194, 520.702233, 525.751161, 529.508414, 531.861816, 532.567642, 532.002625, 529.591134, 526.031789, 520.720093, 514.165232, 505.919516, 496.211620, 485.494402
22600000.0, 5.314279, 7.019814, 9.362862, 12.299496, 16.162870, 21.039067, 27.066154, 34.604090, 43.230469, 53.070996, 64.060700, 77.027608, 92.361090, 107.526761, 123.329119, 139.735739, 156.397767, 173.355357, 191.181267, 209.595881, 228.793304, 248.366260, 268.697580, 288.840551, 308.557547, 328.745191, 348.159602, 367.612933, 385.307337, 402.518754, 418.124347, 432.232879, 445.900621, 457.670859, 468.419422, 478.056598, 485.658638, 492.543528, 497.670639, 501.411307, 504.257045, 504.616460, 504.536288, 502.385157, 498.097152, 493.378129, 486.218793, 477.916204, 467.916744, 456.798236, 444.200729
16000000.0, 5.209961, 6.838733, 9.094280, 12.077830, 15.772468, 20.625247, 26.464197, 33.815961, 42.361072, 52.086040, 62.673708, 75.380488, 90.359189, 105.332012, 120.818354, 136.852820, 152.891987, 169.492917, 186.877375, 205.124898, 223.489521, 242.549879, 261.798517, 281.208169, 300.367194, 319.718625, 338.534027, 356.681293, 373.431705, 390.107466, 404.839507, 418.188885, 430.048259, 440.953797, 450.909914, 458.810688, 465.805658, 471.867831, 475.584219, 477.963170, 479.169937, 478.196877, 476.614833, 472.776189, 467.060481, 460.879997, 452.269683, 442.352721, 431.045411, 417.463114, 403.668046
11300000.0, 5.045146, 6.719831, 8.901726, 11.801390, 15.445502, 20.161494, 26.011812, 33.138127, 41.607815, 51.012706, 61.568241, 73.948316, 88.581227, 103.390027, 118.504680, 134.017943, 149.750603, 166.060043, 182.988853, 200.250337, 218.189776, 236.854565, 255.559740, 274.245074, 292.853747, 311.474007, 329.477975, 346.646559, 362.925124, 378.312901, 391.912171, 404.346462, 415.441327, 425.237190, 433.704770, 440.974225, 446.472934, 450.967679, 453.472690, 454.724450, 454.053830, 451.760562, 448.335847, 442.708601, 435.768083, 427.299558, 417.058735, 404.904440, 391.594767, 376.731202, 360.503084
8000000.0, 4.916470, 6.575345, 8.720802, 11.523703, 15.144544, 19.763121, 25.563547, 32.485189, 40.815157, 50.053338, 60.428300, 72.639488, 86.945922, 101.506285, 116.267202, 131.390538, 146.735957, 162.713257, 179.142168, 195.897528, 213.260472, 231.214022, 249.436154, 267.458971, 285.503829, 303.233384, 320.368302, 336.620753, 352.232555, 366.566025, 379.189027, 390.340559, 400.716943, 409.063872, 416.408642, 422.450393, 426.664605, 429.492449, 430.784538, 430.486032, 428.195868, 424.576033, 419.156471, 411.767461, 403.097457, 392.670514, 380.642029, 366.735184, 351.633302, 335.201618, 317.307702
5660000.0, 4.810855, 6.424475, 8.548484, 11.268325, 14.865695, 19.395317, 25.076842, 31.881837, 40.046388, 49.189946, 59.320904, 71.408620, 85.442703, 99.689282, 114.126118, 128.962756, 143.907709, 159.488892, 175.356743, 191.797936, 208.585189, 225.723841, 243.394688, 260.764176, 278.177138, 294.999831, 311.307383, 326.619204, 341.389391, 354.709557, 366.324883, 376.260749, 385.550748, 392.503433, 398.833312, 403.289402, 406.256390, 407.478225, 407.322430, 405.370380, 401.496885, 396.307315, 388.916202, 379.899005, 369.261133, 357.053568, 343.300972, 327.832165, 311.208233, 293.194298, 274.114657
4000000.0, 4.709945, 6.296734, 8.387111, 11.064870, 14.610716, 19.014509, 24.510258, 31.373053, 39.397949, 48.404152, 58.360688, 70.222862, 84.087938, 97.983781, 112.141499, 126.754207, 141.394276, 156.491812, 171.718987, 187.629307, 204.064776, 220.565897, 237.489431, 254.154917, 270.804664, 286.897261, 302.537685, 316.801123, 330.610396, 342.687986, 353.029552, 362.344583, 369.743982, 375.823246, 380.911378, 383.768534, 385.283696, 385.114381, 383.030174, 379.698120, 374.028778, 366.785171, 357.631500, 347.234839, 334.687497, 320.699294, 305.504445, 288.380945, 270.553320, 251.267034, 231.220633
2800000.0, 4.588683, 6.163763, 8.200299, 10.822288, 14.301321, 18.729437, 24.162474, 30.850304, 38.767750, 47.558046, 57.364203, 69.082076, 82.724558, 96.357211, 110.216758, 124.368172, 138.822557, 153.381010, 168.300751, 183.540464, 199.435911, 215.351591, 231.733442, 247.568328, 263.358767, 278.585739, 293.021649, 306.663859, 319.186638, 330.352525, 339.451381, 347.219300, 353.624253, 358.145814, 361.467660, 362.826166, 362.509808, 360.620933, 356.720507, 351.247842, 343.942625, 334.683228, 323.782818, 311.243776, 296.927261, 281.032733, 264.250173, 245.918300, 226.724724, 206.673617, 186.173914
2000000.0, 4.491157, 6.032446, 8.033857, 10.616102, 14.051756, 18.403428, 23.823501, 30.407802, 38.194291, 46.923422, 56.585803, 68.131819, 81.525338, 94.986160, 108.504457, 122.414610, 136.562650, 150.657954, 165.079296, 179.888470, 195.184307, 210.574079, 226.209438, 241.334643, 256.383052, 270.568095, 284.139692, 296.756079, 308.337474, 318.186546, 326.184139, 332.587310, 337.784638, 340.738377, 342.397277, 342.239738, 340.392380, 336.683189, 331.018912, 323.608021, 314.377500, 303.521057, 290.774898, 276.381226, 260.557569, 243.313871, 225.016881, 205.910594, 186.220397, 165.839701, 145.720040
1410000.0, 4.398023, 5.890867, 7.871794, 10.423331, 13.806819, 18.072734, 23.472435, 29.979652, 37.687990, 46.341830, 55.869655, 67.217916, 80.407281, 93.702961, 106.904203, 120.586453, 134.332152, 147.983125, 161.832434, 176.184765, 190.819181, 205.620797, 220.399227, 234.809657, 249.002879, 262.082708, 274.742009, 286.223062, 296.732736, 305.140067, 311.891905, 316.905863, 320.593789, 321.949841, 321.877448, 320.028061, 316.492031, 310.871304, 303.440832, 294.081803, 282.866624, 270.308162, 255.818909, 239.808388, 222.711220, 204.407491, 185.201445, 165.817388, 146.264773, 126.616152, 107.805629
1000000.0, 4.305018, 5.747202, 7.723520, 10.252590, 13.549374, 17.826647, 23.147802, 29.569374, 37.352238, 45.753985, 55.182746, 66.337631, 79.477808, 92.560148, 105.589192, 118.882161, 132.202343, 145.442440, 158.845770, 172.516096, 186.510264, 200.624437, 214.643263, 228.316887, 241.430437, 253.599436, 265.049735, 275.721521, 284.721210, 292.017025, 297.280947, 300.870358, 302.867807, 302.784698, 300.988692, 297.358232, 291.815108, 284.453191, 275.462113, 264.241998, 251.428177, 236.939780, 221.214363, 204.037341, 186.109821, 167.098380, 148.066248, 129.064851, 110.260241, 92.604793, 75.933342
707000.0, 4.184141, 5.603263, 7.536873, 10.065762, 13.304677, 17.556172, 22.788012, 29.193141, 36.812857, 45.259365, 54.606603, 65.609097, 78.530033, 91.460456, 104.304778, 117.255310, 129.918008, 142.889457, 155.659714, 168.587417, 181.742478, 195.143070, 208.131132, 220.895270, 232.919569, 244.058876, 254.393194, 263.526938, 270.903005, 277.031259, 280.761347, 282.552834, 282.603169, 280.746293, 277.190867, 271.245578, 264.061218, 254.756116, 243.799954, 230.941812, 216.528115, 200.582462, 183.457803, 165.576284, 147.168055, 128.579008, 110.312495, 92.730253, 76.279126, 61.188047, 47.691222
500000.0, 4.069385, 5.460509, 7.365167, 9.849004, 13.109643, 17.258469, 22.457541, 28.855369, 36.418366, 44.813785, 54.080427, 64.924596, 77.651224, 90.375619, 103.007847, 115.520874, 127.787361, 140.072302, 152.296917, 164.500521, 176.906424, 189.461366, 201.571688, 213.108862, 224.049051, 233.939343, 242.994945, 250.624350, 256.531291, 261.065191, 263.054349, 263.122683, 261.303785, 257.668557, 252.173790, 244.401447, 235.193217, 224.104622, 211.323134, 196.931274, 181.316856, 164.378122, 146.773103, 128.787206, 110.942141, 93.698117, 77.372683, 62.221870, 48.707701, 36.809146, 26.722780
354000.0, 3.947658, 5.318549, 7.189103, 9.631157, 12.905806, 16.967214, 22.153011, 28.541381, 36.064629, 44.379851, 53.578495, 64.291078, 76.894466, 89.349379, 101.743638, 113.774187, 125.704752, 137.221577, 148.796933, 160.239309, 171.866332, 183.469747, 194.627976, 204.957099, 214.689923, 223.204750, 230.859523, 236.963994, 241.426984, 244.104640, 244.303695, 242.736549, 239.100065, 233.619220, 226.151077, 216.824955, 205.665649, 193.045801, 178.811947, 163.293644, 146.957289, 129.734172, 112.524625, 95.429342, 79.217161, 64.168430, 50.538086, 38.431915, 28.120338, 19.532271, 12.722252
250000.0, 3.804343, 5.175179, 6.986659, 9.438224, 12.630763, 16.712810, 21.866419, 28.232314, 35.634378, 43.914136, 53.069040, 63.710225, 76.305717, 88.414974, 100.543549, 112.092677, 123.532426, 134.534409, 145.152705, 155.731238, 166.420383, 176.983232, 186.884889, 196.330202, 204.602648, 211.690446, 217.851674, 222.340276, 225.259688, 225.964479, 224.452886, 221.335355, 215.908378, 208.481659, 199.145386, 188.393446, 175.727350, 161.932103, 146.809163, 130.810822, 114.347050, 97.711537, 81.739197, 66.613562, 52.929633, 40.720494, 30.181186, 21.350949, 14.232493, 8.747483, 4.825096
177000.0, 3.661560, 4.987378, 6.787709, 9.169978, 12.335488, 16.431561, 21.594475, 27.922252, 35.374567, 43.574815, 52.533152, 63.155357, 75.615920, 87.610053, 99.188067, 110.421928, 121.149228, 131.408334, 141.200273, 150.736421, 160.375576, 169.596828, 178.395458, 186.142268, 193.093411, 198.889357, 203.109500, 206.018705, 206.969919, 206.119689, 202.697007, 197.448659, 190.233653, 180.933354, 169.988219, 157.549139, 143.901374, 129.082352, 113.596350, 97.699905, 82.309257, 67.399290, 53.835179, 41.541590, 31.030350, 21.976125, 14.624869, 8.976416, 4.909048, 2.190643, 0.738722
125000.0, 3.491217, 4.784375, 6.554270, 8.883107, 12.039747, 16.101714, 21.211534, 27.533720, 35.001773, 43.130449, 52.007171, 62.571996, 74.864601, 86.614436, 97.784824, 108.516997, 118.474421, 127.846861, 136.713620, 145.138811, 153.475866, 161.390230, 168.823726, 175.123367, 180.505669, 184.800715, 187.286181, 188.402032, 187.454502, 184.744692, 179.621280, 172.421540, 163.466020, 152.556321, 140.475502, 126.921470, 112.623928, 97.713038, 82.915483, 68.481176, 55.035238, 42.793451, 32.055412, 22.836695, 15.328359, 9.448862, 5.118376, 2.274299, 0.728461, 0.101931, 0.000000
88400.0, 3.293530, 4.557258, 6.281599, 8.569594, 11.699191, 15.723796, 20.775290, 27.085425, 34.519331, 42.610883, 51.410152, 61.840851, 73.970886, 85.365365, 96.152639, 106.275104, 115.444291, 123.805297, 131.559323, 138.804011, 145.811983, 152.420568, 158.316969, 163.280055, 166.988452, 169.551971, 170.426167, 169.826645, 167.137393, 162.593542, 155.830504, 146.981351, 136.535829, 124.451311, 111.612289, 97.774290, 83.632634, 69.742201, 56.635155, 44.472397, 33.625660, 24.283827, 16.496578, 10.305958, 5.686933, 2.598156, 0.844772, 0.089777, 0.000000, 0.000000, 0.000000
62500.0, 3.068784, 4.297057, 5.964325, 8.218830, 11.271704, 15.293231, 20.331541, 26.588055, 33.926448, 42.034568, 50.656376, 60.843901, 72.846285, 83.793950, 94.104399, 103.576956, 111.961835, 119.200831, 125.584740, 131.574117, 137.395663, 142.661260, 146.929070, 150.540563, 152.590239, 153.217001, 152.542435, 150.504229, 146.290889, 140.182599, 131.808434, 121.720896, 110.229286, 97.566899, 84.439356, 71.269098, 58.292089, 46.406564, 35.732451, 26.260361, 18.332136, 11.850949, 6.929932, 3.493167, 1.365845, 0.160727, 0.019693, 0.000076, 0.000000, 0.000000, 0.000000
44200.0, 2.835198, 3.977812, 5.577303, 7.771643, 10.714612, 14.671003, 19.667479, 25.850360, 33.079582, 41.018785, 49.474774, 59.481421, 71.117538, 81.648010, 91.191752, 99.739550, 106.984431, 113.085041, 118.121468, 122.686075, 126.905551, 130.698539, 133.455626, 135.540545, 136.233227, 135.422979, 133.157233, 129.209933, 123.385226, 115.742436, 105.906704, 94.708818, 82.700902, 70.283741, 57.942038, 46.394356, 35.931433, 26.590134, 18.669089, 12.116049, 7.071995, 3.497362, 1.319269, 0.313174, 0.020293, 0.000000, 0.000000, 0.000000, 0.000000, 0.000000, 0.000000
31300.0, 2.576253, 3.636874, 5.142207, 7.249316, 10.063980, 13.906334, 18.757802, 24.823241, 31.957812, 39.690321, 47.844008, 57.553644, 68.764211, 78.773288, 87.515230, 95.004170, 101.110537, 105.831139, 109.565861, 112.667643, 115.492846, 117.917265, 119.319396, 120.063411, 119.448105, 117.190675, 113.434493, 107.950216, 100.465577, 91.293846, 80.514018, 68.960356, 57.474726, 46.357278, 35.914265, 26.793917, 18.915946, 12.349623, 7.247429, 3.537163, 1.267848, 0.256345, 0.007051, 0.000000, 0.000000, 0.000000, 0.000000, 0.000000, 0.000000, 0.000000, 0.000000
22100.0, 2.289921, 3.262166, 4.640913, 6.624481, 9.291193, 12.959828, 17.611932, 23.492937, 30.448284, 37.902523, 45.640416, 54.933044, 65.587331, 74.869342, 82.719007, 89.063667, 93.907084, 97.198877, 99.611187, 101.342532, 102.938122, 104.195875, 104.552883, 104.107218, 102.314154, 98.679827, 93.450322, 86.486960, 77.636210, 67.477455, 56.615675, 45.856446, 35.931224, 26.932062, 19.038980, 12.573894, 7.404668, 3.647321, 1.389374, 0.270458, 0.000000, 0.000000, 0.000000, 0.000000, 0.000000, 0.000000, 0.000000, 0.000000, 0.000000, 0.000000, 0.000000
15600.0, 1.983561, 2.855487, 4.078059, 5.896353, 8.392400, 11.822714, 16.253454, 21.865163, 28.484639, 35.561752, 42.795137, 51.546935, 61.473756, 69.773140, 76.619005, 81.793499, 85.223681, 87.224265, 88.318082, 88.915194, 89.468492, 89.852367, 89.554957, 88.094597, 85.320649, 80.481758, 73.880492, 65.594734, 56.067012, 45.912602, 36.046483, 27.198717, 19.614685, 13.227825, 8.122916, 4.323380, 1.828268, 0.499474, 0.012552, 0.000406, 0.000000, 0.000000, 0.000000, 0.000000, 0.000000, 0.000000, 0.000000, 0.000000, 0.000000, 0.000000, 0.000000
11100.0, 1.652297, 2.385199, 3.465640, 5.015312, 7.230853, 10.320368, 14.354518, 19.496053, 25.602208, 32.035721, 38.576643, 46.381057, 55.413041, 62.511755, 68.038769, 71.643272, 73.794291, 74.628541, 74.751324, 74.785935, 74.810235, 74.744044, 73.810993, 71.573604, 67.389581, 60.885690, 52.559790, 43.483569, 34.168066, 25.353833, 17.740704, 11.783891, 7.117927, 3.753903, 1.573629, 0.407379, 0.064772, 0.001251, 0.000000, 0.000000, 0.000000, 0.000000, 0.000000, 0.000000, 0.000000, 0.000000, 0.000000, 0.000000, 0.000000, 0.000000, 0.000000
7810.0, 1.001676, 1.621089, 2.604250, 4.098548, 6.249752, 9.154740, 12.806104, 17.064092, 21.710140, 26.598652, 31.785344, 37.432264, 43.509720, 49.611440, 55.105560, 59.471840, 62.524560, 64.395640, 65.356480, 65.610440, 65.137800, 63.628920, 60.551680, 55.422600, 48.274720, 40.030720, 32.205820, 25.809920, 20.564772, 15.591524, 10.639448, 6.242200, 3.025244, 1.161852, 0.337237, 0.065575, 0.002708, 0.000000, 0.000000, 0.000000, 0.000000, 0.000000, 0.000000, 0.000000, 0.000000, 0.000000, 0.000000, 0.000000, 0.000000, 0.000000, 0.000000
5520.0, 0.735257, 1.239835, 2.069513, 3.368068, 5.278360, 7.890672, 11.182524, 14.991648, 19.083336, 23.321912, 27.788880, 32.633596, 37.753504, 42.687800, 46.865880, 49.938280, 51.895880, 52.950560, 53.318520, 53.033000, 51.846560, 49.273480, 44.848120, 38.603992, 31.457324, 24.855996, 19.616392, 15.291420, 11.103736, 7.046168, 3.712234, 1.548012, 0.484922, 0.103954, 0.006715, 0.000000, 0.000000, 0.000000, 0.000000, 0.000000, 0.000000, 0.000000, 0.000000, 0.000000, 0.000000, 0.000000, 0.000000, 0.000000, 0.000000, 0.000000, 0.000000
3910.0, 0.498474, 0.885620, 1.550708, 2.630003, 4.260448, 6.524708, 9.387240, 12.668932, 16.126628, 19.639376, 23.310228, 27.267732, 31.350884, 35.096352, 38.049804, 40.036680, 41.164640, 41.634720, 41.528480, 40.675200, 38.657636, 35.037400, 29.821588, 23.858212, 18.475272, 14.314456, 10.852808, 7.471572, 4.340872, 2.005628, 0.694676, 0.166116, 0.016057, 0.000109, 0.000000, 0.000000, 0.000000, 0.000000, 0.000000, 0.000000, 0.000000, 0.000000, 0.000000, 0.000000, 0.000000, 0.000000, 0.000000, 0.000000, 0.000000, 0.000000, 0.000000
2760.0, 0.302898, 0.575234, 1.069792, 1.909840, 3.222028, 5.080392, 7.440768, 10.117564, 12.871060, 15.599280, 18.419160, 21.433524, 24.449344, 27.055636, 28.945844, 30.087776, 30.625348, 30.667808, 30.123776, 28.664472, 25.897328, 21.791428, 17.074236, 12.903148, 9.762860, 7.134400, 4.583652, 2.377384, 0.926628, 0.249702, 0.032537, 0.000347, 0.000000, 0.000000, 0.000000, 0.000000, 0.000000, 0.000000, 0.000000, 0.000000, 0.000000, 0.000000, 0.000000, 0.000000, 0.000000, 0.000000, 0.000000, 0.000000, 0.000000, 0.000000, 0.000000
1950.0, 0.163327, 0.337185, 0.675763, 1.284833, 2.277211, 3.718524, 5.562348, 7.628944, 9.693676, 11.673524, 13.688656, 15.817332, 17.867112, 19.517808, 20.602836, 21.169036, 21.320664, 21.035660, 20.083760, 18.133088, 15.105348, 11.564020, 8.471672, 6.208368, 4.327068, 2.549690, 1.146362, 0.358000, 0.060584, 0.001131, 0.000000, 0.000000, 0.000000, 0.000000, 0.000000, 0.000000, 0.000000, 0.000000, 0.000000, 0.000000, 0.000000, 0.000000, 0.000000, 0.000000, 0.000000, 0.000000, 0.000000, 0.000000, 0.000000, 0.000000, 0.000000
1380.0, 0.081715, 0.187180, 0.411498, 0.845366, 1.591282, 2.711004, 4.159788, 5.765204, 7.314176, 8.733484, 10.140840, 11.599764, 12.939080, 13.931044, 14.508424, 14.734508, 14.630952, 14.052388, 12.723160, 10.516080, 7.836880, 5.497836, 3.846923, 2.521560, 1.332696, 0.498182, 0.108392, 0.003813, 0.000000, 0.000000, 0.000000, 0.000000, 0.000000, 0.000000, 0.000000, 0.000000, 0.000000, 0.000000, 0.000000, 0.000000, 0.000000, 0.000000, 0.000000, 0.000000, 0.000000, 0.000000, 0.000000, 0.000000, 0.000000, 0.000000, 0.000000
980.0, 0.033328, 0.086779, 0.213774, 0.482934, 0.978540, 1.755720, 2.779486, 3.903799, 4.945364, 5.835704, 6.667628, 7.495184, 8.207796, 8.684848, 8.917496, 8.930900, 8.653668, 7.888944, 6.485352, 4.667592, 3.052256, 1.975397, 1.190847, 0.547593, 0.155559, 0.010797, 0.000040, 0.000000, 0.000000, 0.000000, 0.000000, 0.000000, 0.000000, 0.000000, 0.000000, 0.000000, 0.000000, 0.000000, 0.000000, 0.000000, 0.000000, 0.000000, 0.000000, 0.000000, 0.000000, 0.000000, 0.000000, 0.000000, 0.000000, 0.000000, 0.000000
820.0, 0.018437, 0.051915, 0.137118, 0.328327, 0.696013, 1.289207, 2.080891, 2.947942, 3.732587, 4.367384, 4.919624, 5.439896, 5.865804, 6.133168, 6.243908, 6.190592, 5.869116, 5.104472, 3.862743, 2.495323, 1.493558, 0.888894, 0.443352, 0.141570, 0.012390, 0.000055, 0.000000, 0.000000, 0.000000, 0.000000, 0.000000, 0.000000, 0.000000, 0.000000, 0.000000, 0.000000, 0.000000, 0.000000, 0.000000, 0.000000, 0.000000, 0.000000, 0.000000, 0.000000, 0.000000, 0.000000, 0.000000, 0.000000, 0.000000, 0.000000, 0.000000
690.0, 0.008985, 0.027518, 0.078345, 0.199767, 0.444708, 0.852721, 1.405915, 2.011328, 2.546340, 2.947024, 3.246197, 3.489108, 3.669000, 3.773098, 3.801366, 3.715934, 3.404941, 2.748541, 1.820054, 0.980484, 0.499031, 0.251144, 0.090990, 0.010664, 0.000062, 0.000000, 0.000000, 0.000000, 0.000000, 0.000000, 0.000000, 0.000000, 0.000000, 0.000000, 0.000000, 0.000000, 0.000000, 0.000000, 0.000000, 0.000000, 0.000000, 0.000000, 0.000000, 0.000000, 0.000000, 0.000000, 0.000000, 0.000000, 0.000000, 0.000000, 0.000000
580.0, 0.002950, 0.009912, 0.030669, 0.083876, 0.197224, 0.393179, 0.664076, 0.961053, 1.217269, 1.387393, 1.467326, 1.486010, 1.481698, 1.477023, 1.463640, 1.394584, 1.193065, 0.817176, 0.373929, 0.081399, 0.000000, 0.000000, 0.000000, 0.000000, 0.000000, 0.000000, 0.000000, 0.000000, 0.000000, 0.000000, 0.000000, 0.000000, 0.000000, 0.000000, 0.000000, 0.000000, 0.000000, 0.000000, 0.000000, 0.000000, 0.000000, 0.000000, 0.000000, 0.000000, 0.000000, 0.000000, 0.000000, 0.000000, 0.000000, 0.000000, 0.000000
488.0, 0.000000, 0.000078, 0.000262, 0.000774, 0.001933, 0.004021, 0.006974, 0.010228, 0.013058, 0.015559, 0.019325, 0.024784, 0.029597, 0.032091, 0.032581, 0.031580, 0.028776, 0.023806, 0.017516, 0.011137, 0.005195, 0.000998, 0.000000, 0.000000, 0.000000, 0.000000, 0.000000, 0.000000, 0.000000, 0.000000, 0.000000, 0.000000, 0.000000, 0.000000, 0.000000, 0.000000, 0.000000, 0.000000, 0.000000, 0.000000, 0.000000, 0.000000, 0.000000, 0.000000, 0.000000, 0.000000, 0.000000, 0.000000, 0.000000, 0.000000, 0.000000