# horizontal: Egamma [MeV]. Vertical: Tp [MeV]. Contents: sigma_incl_tot contribution
0, 10.000000, 12.022644, 14.454398, 17.378008, 20.892961, 25.118864, 30.199517, 36.307805, 43.651583, 52.480746, 63.095734, 75.857758, 91.201084, 109.647820, 131.825674, 158.489319, 190.546072, 229.086765, 275.422870, 331.131121, 398.107171, 478.630092, 575.439937, 691.830971, 831.763771, 1000.000000, 1202.264435, 1445.439771, 1737.800829, 2089.296131, 2511.886432, 3019.951720, 3630.780548, 4365.158322, 5248.074602, 6309.573445, 7585.775750, 9120.108394, 10964.781961, 13182.567386, 15848.931925, 19054.607180, 22908.676528, 27542.287033, 33113.112148, 39810.717055, 47863.009232, 57543.993734, 69183.097092, 83176.377110, 100000.000000
512000000.000000, 1.025940, 1.494229, 2.147251, 3.037366, 4.221755, 5.759179, 7.705891, 10.111175, 13.013108, 16.435140, 20.384014, 24.849311, 29.804621, 35.210100, 41.015912, 47.166000, 53.601595, 60.264046, 67.096696, 74.045785, 81.060517, 88.092571, 95.095355, 102.023318, 108.831524, 115.475623, 121.912225, 128.099645, 133.998890, 139.574778, 144.797047, 149.641342, 154.090000, 158.132557, 161.765946, 164.994372, 167.828860, 170.286516, 172.389532, 174.163995, 175.638563, 176.843082, 177.807200, 178.559053, 179.124067, 179.523915, 179.775659, 179.891088, 179.876268, 179.731302, 179.450295
362000000.000000, 0.953400, 1.405356, 2.042812, 2.920227, 4.096939, 5.633311, 7.585876, 10.002085, 12.915415, 16.341640, 20.276900, 24.697935, 29.564465, 34.823301, 40.413502, 46.271706, 52.336818, 58.553398, 64.873406, 71.256290, 77.667699, 84.077307, 90.456331, 96.775277, 103.002316, 109.102547, 115.038166, 120.769458, 126.256381, 131.460490, 136.346919, 140.886193, 145.055691, 148.840639, 152.234582, 155.239336, 157.864453, 160.126285, 162.046720, 163.651713, 164.969692, 166.029950, 166.861097, 167.489638, 167.938741, 168.227206, 168.368676, 168.371090, 168.236375, 167.960388, 167.533093
256000000.000000, 0.901055, 1.343971, 1.974529, 2.849038, 4.028568, 5.574523, 7.543098, 9.979357, 12.911833, 16.348600, 20.275580, 24.657487, 29.441343, 34.562045, 39.949057, 45.533138, 51.252031, 57.054275, 62.900709, 68.763679, 74.624375, 80.469007, 86.284664, 92.055632, 97.760760, 103.372208, 108.855628, 114.171587, 119.277880, 124.132328, 128.695637, 132.933960, 136.820915, 140.338916, 143.479748, 146.244440, 148.642522, 150.690787, 152.411713, 153.831686, 154.979149, 155.882810, 156.569969, 157.065061, 157.388439, 157.555421, 157.575625, 157.452586, 157.183645, 156.760111, 156.167691
181000000.000000, 0.859753, 1.297366, 1.925189, 2.800999, 3.987045, 5.545094, 7.530314, 9.984820, 12.931935, 16.372210, 20.282065, 24.615453, 29.308448, 34.286094, 39.470426, 44.788346, 50.178079, 55.593218, 61.003832, 66.394720, 71.761361, 77.104518, 82.424579, 87.716660, 92.967220, 98.152578, 103.239355, 108.186538, 112.948661, 117.479513, 121.735819, 125.680430, 129.284728, 132.530076, 135.408315, 137.921383, 140.080229, 141.903197, 143.414091, 144.640096, 145.609707, 146.350797, 146.888899, 147.245774, 147.438275, 147.477548, 147.368547, 147.109865, 146.693876, 146.107173, 145.331287
128000000.000000, 0.824276, 1.258052, 1.884375, 2.762043, 3.953901, 5.521434, 7.518174, 9.982867, 12.933543, 16.363628, 20.240991, 24.510335, 29.098758, 33.923718, 38.902153, 43.959258, 49.035463, 54.090486, 59.103902, 64.072342, 69.004060, 73.912050, 78.807055, 83.691720, 88.556767, 93.379605, 98.125324, 102.749615, 107.202917, 111.435043, 115.399574, 119.057493, 122.379745, 125.348587, 127.957781, 130.211799, 132.124281, 133.715981, 135.012474, 136.041803, 136.832245, 137.410321, 137.799105, 138.016890, 138.076227, 137.983324, 137.737814, 137.332869, 136.755639, 135.988029, 135.007758
90500000.000000, 0.791383, 1.221316, 1.845486, 2.723262, 3.917554, 5.489017, 7.489096, 9.952935, 12.893386, 16.297313, 20.125099, 24.313739, 28.783289, 33.445791, 38.215289, 43.017277, 47.795975, 52.518177, 57.173113, 61.768496, 66.323685, 70.861412, 75.399669, 79.945211, 84.489640, 89.008477, 93.463008, 97.804253, 101.978162, 105.931089, 109.614733, 112.989984, 116.029364, 118.718024, 121.053428, 123.043998, 124.707024, 126.066170, 127.148830, 127.983583, 128.597874, 129.016045, 129.257772, 129.336911, 129.260777, 129.029829, 128.637753, 128.071919, 127.314204, 126.342158, 125.130482
64000000.000000, 0.759259, 1.184483, 1.804768, 2.679644, 3.871636, 5.440164, 7.434308, 9.885568, 12.801905, 16.164300, 19.926743, 24.020000, 28.358865, 32.851911, 37.412238, 41.967406, 46.466786, 50.885024, 55.220995, 59.492588, 63.728450, 67.958419, 72.204530, 76.474205, 80.756660, 85.022808, 89.228259, 93.318511, 97.235195, 100.922263, 104.331245, 107.425002, 110.179762, 112.585502, 114.644937, 116.371496, 117.786655, 118.917015, 119.791399, 120.438184, 120.883008, 121.146934, 121.245093, 121.185805, 120.970182, 120.592169, 120.039027, 119.292226, 118.328724, 117.122616, 115.647081
45300000.000000, 0.727074, 1.146338, 1.760576, 2.629130, 3.813802, 5.372503, 7.351831, 9.779751, 12.659728, 15.967581, 19.651951, 23.638708, 27.838934, 32.159409, 36.513960, 40.833711, 45.074338, 49.218918, 53.275803, 57.271996, 61.243454, 65.224362, 69.237532, 73.287686, 77.358616, 81.414324, 85.403443, 89.265752, 92.939386, 96.367525, 99.503638, 102.314816, 104.783086, 106.904954, 108.689555, 110.155894, 111.329642, 112.239855, 112.915908, 113.384838, 113.669188, 113.785407, 113.742796, 113.543006, 113.180040, 112.640763, 111.905872, 110.951337, 109.750247, 108.275021, 106.499872
32000000.000000, 0.694373, 1.106327, 1.712327, 2.571251, 3.743934, 5.286611, 7.243371, 9.638811, 12.472300, 15.715142, 19.311516, 23.183505, 27.239770, 31.386710, 35.540318, 39.636617, 43.638628, 47.538370, 51.353421, 55.118727, 58.875438, 62.659183, 66.490218, 70.367265, 74.265923, 78.141449, 81.934833, 85.580641, 89.015027, 92.182578, 95.041170, 97.564493, 99.742360, 101.579193, 103.091258, 104.303186, 105.244295, 105.945083, 106.434137, 106.735619, 106.867372, 106.839670, 106.654587, 106.305962, 105.779934, 105.056033, 104.108802, 102.909909, 101.430685, 99.644968, 97.532048
22600000.000000, 0.661649, 1.065176, 1.661129, 2.507738, 3.664711, 5.186543, 7.114873, 9.471152, 12.251061, 15.421981, 18.924403, 22.677569, 26.588814, 30.565370, 34.526660, 38.414789, 42.201003, 45.886591, 49.497864, 53.076235, 56.665612, 60.299930, 63.993484, 67.735889, 71.492269, 75.208031, 78.816730, 82.249119, 85.441618, 88.342900, 90.917900, 93.149159, 95.035866, 96.591179, 97.838532, 98.807534, 99.529960, 100.036178, 100.352199, 100.497445, 100.483258, 100.312118, 99.977554, 99.464722, 98.751625, 97.810964, 96.612589, 95.126442, 93.325867, 91.191026, 88.712070
16000000.000000, 0.629810, 1.024219, 1.608961, 2.441505, 3.580373, 5.078328, 6.974676, 9.287963, 12.010555, 15.106413, 18.512987, 22.147451, 25.916735, 29.729953, 33.511076, 37.209325, 40.804885, 44.308398, 47.754093, 51.188000, 54.654012, 58.181037, 61.774094, 65.411012, 69.044895, 72.611166, 76.037175, 79.252154, 82.195675, 84.823443, 87.109996, 89.048559, 90.648632, 91.932151, 92.928963, 93.672273, 94.194502, 94.523832, 94.681572, 94.680358, 94.523195, 94.203286, 93.704646, 93.003471, 92.070266, 90.872681, 89.378972, 87.561884, 85.402628, 82.894507, 80.045581
11300000.000000, 0.599260, 0.984151, 1.556980, 2.374412, 3.493760, 4.966093, 6.828479, 9.096727, 11.760131, 14.779573, 18.089901, 21.606821, 25.237645, 28.894359, 32.506613, 36.031830, 39.459864, 42.810699, 46.125409, 49.452408, 52.832387, 56.285619, 59.804531, 63.352849, 66.870827, 70.284706, 73.517841, 76.501077, 79.180568, 81.522188, 83.512475, 85.156710, 86.475019, 87.497436, 88.258750, 88.793716, 89.133018, 89.300135, 89.309198, 89.163791, 88.856693, 88.370522, 87.679282, 86.750822, 85.550165, 84.043598, 82.203270, 80.011876, 77.466785, 74.582833, 71.392962
8000000.000000, 0.571343, 0.946858, 1.507835, 2.310154, 3.409983, 4.856781, 6.685505, 8.909385, 11.514843, 14.459931, 17.677250, 21.081532, 24.581177, 28.091967, 31.550284, 34.922689, 38.209149, 41.438524, 44.657077, 47.912786, 51.239568, 54.645461, 58.107507, 61.574008, 64.972848, 68.223240, 71.247889, 73.983069, 76.385108, 78.432820, 80.126365, 81.483452, 82.534046, 83.314571, 83.862397, 84.211104, 84.386775, 84.405404, 84.271416, 83.977260, 83.504076, 82.823431, 81.900154, 80.696243, 79.175723, 77.310114, 75.083955, 72.499504, 69.579572, 66.367403, 62.922833
5660000.000000, 0.546698, 0.913260, 1.462849, 2.250638, 3.331740, 4.754112, 6.550691, 8.732209, 11.282293, 14.156280, 17.284732, 20.581816, 23.957698, 27.332936, 30.651771, 33.890864, 37.060587, 40.197830, 43.351816, 46.566659, 49.865522, 53.240621, 56.651352, 60.030282, 63.294669, 66.360089, 69.152868, 71.618999, 73.728509, 75.475430, 76.874343, 77.954794, 78.754835, 79.314689, 79.671218, 79.853519, 79.879808, 79.755571, 79.472976, 79.011537, 78.340053, 77.419885, 76.209563, 74.670569, 72.773881, 70.506497, 67.876762, 64.917071, 61.682537, 58.244758, 54.680941
4000000.000000, 0.526164, 0.884476, 1.423523, 2.197898, 3.261801, 4.661808, 6.428918, 8.571392, 11.070044, 13.877500, 16.922404, 20.118719, 23.379096, 26.629916, 29.824470, 32.950380, 36.028366, 39.101877, 42.220081, 45.419126, 48.707187, 52.057446, 55.410418, 58.684092, 61.788406, 64.639973, 67.173757, 69.349833, 71.154927, 72.599585, 73.712425, 74.533007, 75.104598, 75.467711, 75.654887, 75.686941, 75.570671, 75.298023, 74.846726, 74.182452, 73.262607, 72.041774, 70.478636, 68.543826, 66.227643, 63.546032, 60.542862, 57.286730, 53.861402, 50.350805, 46.821748
2800000.000000, 0.510209, 0.861017, 1.390427, 2.152614, 3.201038, 4.581020, 6.321648, 8.428618, 10.879764, 13.624838, 16.590578, 19.691121, 22.842474, 25.978185, 29.062065, 32.093632, 35.103576, 38.139649, 41.246904, 44.448473, 47.732860, 51.051330, 54.325380, 57.461175, 60.366298, 62.964393, 65.204771, 67.065952, 68.553766, 69.695572, 70.532437, 71.110897, 71.475426, 71.662292, 71.695047, 71.581722, 71.313714, 70.866388, 70.201528, 69.271790, 68.027219, 66.423647, 64.432187, 62.048364, 59.298616, 56.241528, 52.961566, 49.554701, 46.108145, 42.679623, 39.283722
2000000.000000, 0.500490, 0.845231, 1.366778, 2.119121, 3.155252, 4.519485, 6.239169, 8.317512, 10.729369, 13.421628, 16.319258, 19.336947, 22.394724, 25.434100, 28.429883, 31.393038, 34.362303, 37.386269, 40.501508, 43.714106, 46.990625, 50.260880, 53.430703, 56.399924, 59.080070, 61.407477, 63.349693, 64.905236, 66.098251, 66.970191, 67.570546, 67.948115, 68.143726, 68.184783, 68.081762, 67.826638, 67.393319, 66.740248, 65.815441, 64.564091, 62.938533, 60.909595, 58.477356, 55.678276, 52.585199, 49.297516, 45.921366, 42.543932, 39.210136, 35.911845, 32.596801
1410000.000000, 0.496224, 0.835724, 1.350361, 2.094190, 3.119997, 4.471256, 6.173566, 8.227428, 10.604355, 13.248046, 16.081651, 19.020919, 21.991084, 24.943235, 27.864544, 30.777504, 33.726825, 36.757556, 39.892033, 43.113923, 46.364758, 49.553342, 52.573868, 55.326400, 57.733821, 59.751690, 61.370198, 62.609572, 63.511348, 64.127992, 64.512822, 64.711422, 64.755113, 64.656640, 64.408094, 63.981156, 63.329945, 62.396829, 61.121470, 59.452834, 57.362891, 54.859233, 51.992471, 48.853753, 45.559326, 42.223298, 38.925911, 35.689781, 32.476830, 29.211376, 25.822374
1000000.000000, 0.497869, 0.833208, 1.342201, 2.079244, 3.097234, 4.439050, 6.128606, 8.163569, 10.511857, 13.113776, 15.890756, 18.760195, 21.653615, 24.532850, 27.397806, 30.281111, 33.229778, 36.279947, 39.434255, 42.650515, 45.845412, 48.910890, 51.736621, 54.231054, 56.335566, 58.029549, 59.327252, 60.268980, 60.909643, 61.307179, 61.512456, 61.561443, 61.469897, 61.230605, 60.813327, 60.167809, 59.230398, 57.934692, 56.225949, 54.077529, 51.505645, 48.576765, 45.401624, 42.112606, 38.827883, 35.614294, 32.466470, 29.316363, 26.073625, 22.679929, 19.151142
707000.000000, 0.505046, 0.837052, 1.341320, 2.072891, 3.085113, 4.420493, 6.101258, 8.121974, 10.446568, 13.011655, 15.737072, 18.542674, 21.367667, 24.185964, 27.010325, 29.881255, 32.843190, 35.916968, 39.079954, 42.261763, 45.356493, 48.245742, 50.823578, 53.015691, 54.788579, 56.148631, 57.133661, 57.800466, 58.211603, 58.423550, 58.477350, 58.392100, 58.161382, 57.752796, 57.111134, 56.165942, 54.844122, 53.087270, 50.871453, 48.224282, 45.231613, 42.026176, 38.755282, 35.535001, 32.409576, 29.339123, 26.228251, 22.985718, 19.585037, 16.094533, 12.664260
500000.000000, 0.516906, 0.846254, 1.346553, 2.073778, 3.082058, 4.413734, 6.089304, 8.099938, 10.405169, 12.937699, 15.616060, 18.363563, 21.128549, 23.897971, 26.696534, 29.568874, 32.550625, 35.640697, 38.787034, 41.891664, 44.831892, 47.488358, 49.769706, 51.627055, 53.056417, 54.091266, 54.789320, 55.217566, 55.438424, 55.498585, 55.421061, 55.200592, 54.802635, 54.166642, 53.214664, 51.866256, 50.059335, 47.773910, 45.051634, 42.000829, 38.777436, 35.540494, 32.395959, 29.356667, 26.346015, 23.251087, 19.998862, 16.612206, 13.216398, 9.999065, 7.149502
354000.000000, 0.531972, 0.859096, 1.355955, 2.079698, 3.085503, 4.415677, 6.088871, 8.092528, 10.381401, 12.884161, 15.518530, 18.212485, 20.924939, 23.656278, 26.441000, 29.322577, 32.320715, 35.406390, 38.496436, 41.469500, 44.195287, 46.564776, 48.511170, 50.017111, 51.109302, 51.844953, 52.295028, 52.528146, 52.597273, 52.530037, 52.322858, 51.939202, 51.312853, 50.357656, 48.985090, 47.129322, 44.775594, 41.982316, 38.883079, 35.657115, 32.470061, 29.408462, 26.446699, 23.475017, 20.379449, 17.125942, 13.797673, 10.569980, 7.646680, 5.193996, 3.297332
250000.000000, 0.548381, 0.873403, 1.367077, 2.087896, 3.092232, 4.422361, 6.094865, 8.093059, 10.366560, 12.840023, 15.431102, 18.073911, 20.739314, 23.440790, 26.219019, 29.109472, 32.108281, 35.153898, 38.133580, 40.910646, 43.359283, 45.392921, 46.977884, 48.131433, 48.908560, 49.383533, 49.631256, 49.711452, 49.656881, 49.465911, 49.099831, 48.486043, 47.529126, 46.131629, 44.224261, 41.799775, 38.937389, 35.799502, 32.587735, 29.466482, 26.491510, 23.593747, 20.640481, 17.539252, 14.314704, 11.112502, 8.140713, 5.592143, 3.585100, 2.139658, 1.189934
177000.000000, 0.563331, 0.886052, 1.376546, 2.094647, 3.097863, 4.428274, 6.100142, 8.092388, 10.349374, 12.792060, 15.339029, 17.931987, 20.554507, 23.231380, 26.004039, 28.892139, 31.861748, 34.817807, 37.624420, 40.141737, 42.262070, 43.931891, 45.155310, 45.982437, 46.489580, 46.757848, 46.854370, 46.817954, 46.649703, 46.309050, 45.716682, 44.766958, 43.352420, 41.400043, 38.911509, 35.989684, 32.827564, 29.646153, 26.599872, 23.705514, 20.853775, 17.907660, 14.819004, 11.679773, 8.684841, 6.047781, 3.923110, 2.364764, 1.327292, 0.700090, 0.353702
125000.000000, 0.574049, 0.893741, 1.380447, 2.095159, 3.096257, 4.425369, 6.094227, 8.077242, 10.313601, 12.721081, 15.220353, 17.762114, 20.342725, 22.995038, 25.754161, 28.615655, 31.510937, 34.314522, 36.878311, 39.074311, 40.826547, 42.122337, 43.003948, 43.548109, 43.841722, 43.959613, 43.947108, 43.808212, 43.500064, 42.935454, 41.996870, 40.565596, 38.565390, 36.010211, 33.031780, 29.856605, 26.720620, 23.756985, 20.935945, 18.117011, 15.183166, 12.150711, 9.176890, 6.482165, 4.254711, 2.586876, 1.460267, 0.773956, 0.394506, 0.200487, 0.103903
88400.000000, 0.577167, 0.892266, 1.373323, 2.082072, 3.077414, 4.400432, 6.060531, 8.027975, 10.237208, 12.603471, 15.050519, 17.538741, 20.075886, 22.697649, 25.424624, 28.221426, 30.984710, 33.567573, 35.825217, 37.657468, 39.030645, 39.975130, 40.565496, 40.893439, 41.041543, 41.062074, 40.962181, 40.696337, 40.168317, 39.247127, 37.801579, 35.752860, 33.130682, 30.100519, 26.924018, 23.846029, 20.968470, 18.214444, 15.429825, 12.541341, 9.636393, 6.918609, 4.602173, 2.822223, 1.596824, 0.842744, 0.425961, 0.215235, 0.112699, 0.057909, 0.000790
62500.000000, 0.569275, 0.876544, 1.347360, 2.043678, 3.024846, 4.331982, 5.973191, 7.915572, 10.089439, 12.407867, 14.798041, 17.229593, 19.718505, 22.296368, 24.960995, 27.642255, 30.207595, 32.503392, 34.406326, 35.858305, 36.873272, 37.520081, 37.893176, 38.081934, 38.144998, 38.091942, 37.873467, 37.382898, 36.474543, 35.004892, 32.895577, 30.198463, 27.119734, 23.957238, 20.955936, 18.175675, 15.496028, 12.770537, 9.987518, 7.298453, 4.924882, 3.043362, 1.716934, 0.890147, 0.434227, 0.208714, 0.103993, 0.053576, 0.001325, 0.000002, 0.000000
44200.000000, 0.546864, 0.840516, 1.292345, 1.964057, 2.916044, 4.191217, 5.798687, 7.704253, 9.834847, 12.101151, 14.432900, 16.806694, 19.241413, 21.756362, 24.319995, 26.828931, 29.133796, 31.093439, 32.623577, 33.716654, 34.430735, 34.859300, 35.096146, 35.204769, 35.196162, 35.016738, 34.549557, 33.635544, 32.122053, 29.937032, 27.162473, 24.051144, 20.933872, 18.042235, 15.383693, 12.803755, 10.185907, 7.587311, 5.203708, 3.242557, 1.817881, 0.914086, 0.416739, 0.178627, 0.076426, 0.033849, 0.001444, 0.000003, 0.000000, 0.000000, 0.000000
31300.000000, 0.509412, 0.782458, 1.204348, 1.836016, 2.739847, 3.963211, 5.519832, 7.377275, 9.460411, 11.676900, 13.956670, 16.278565, 18.656456, 21.088526, 23.510478, 25.793459, 27.789192, 29.388784, 30.558758, 31.340464, 31.821727, 32.098043, 32.236844, 32.251203, 32.085362, 31.615578, 30.673898, 29.103865, 26.845685, 24.016773, 20.916802, 17.899545, 15.166431, 12.666839, 10.228703, 7.784592, 5.454885, 3.451236, 1.937379, 0.950151, 0.402946, 0.148189, 0.048318, 0.013602, 0.000807, 0.000001, 0.000000, 0.000000, 0.000000, 0.000000, 0.000000
22100.000000, 0.477436, 0.728905, 1.117544, 1.702386, 2.547568, 3.706436, 5.200591, 7.003058, 9.038906, 11.212379, 13.449978, 15.725242, 18.036196, 20.350900, 22.573216, 24.563283, 26.195976, 27.412434, 28.234201, 28.740383, 29.026592, 29.164208, 29.169823, 28.988325, 28.493180, 27.512441, 25.891254, 23.587728, 20.758655, 17.747125, 14.913518, 12.408370, 10.120743, 7.881715, 5.686070, 3.701083, 2.122890, 1.048088, 0.434778, 0.147964, 0.040016, 0.006607, 0.000232, 0.000000, 0.000000, 0.000000, 0.000000, 0.000000, 0.000000, 0.000000, 0.000000
15600.000000, 0.517212, 0.757384, 1.124224, 1.673531, 2.468749, 3.566663, 4.995501, 6.734295, 8.709737, 10.823176, 12.995320, 15.187761, 17.374049, 19.489383, 21.416882, 23.029172, 24.248048, 25.075169, 25.578786, 25.852788, 25.971731, 25.956424, 25.754883, 25.241948, 24.246637, 22.620086, 20.340679, 17.602591, 14.781424, 12.223039, 10.009923, 7.977742, 5.980978, 4.076186, 2.452995, 1.268522, 0.548269, 0.192488, 0.053057, 0.009446, 0.000367, 0.000000, 0.000000, 0.000000, 0.000000, 0.000000, 0.000000, 0.000000, 0.000000, 0.000000, 0.000000
11100.000000, 0.482500, 0.704808, 1.045076, 1.556098, 2.298784, 3.328893, 4.675273, 6.317751, 8.182493, 10.169622, 12.197925, 14.220711, 16.191862, 18.025716, 19.606294, 20.841211, 21.707814, 22.254912, 22.566431, 22.714216, 22.720598, 22.537589, 22.045237, 21.078151, 19.495543, 17.292955, 14.693525, 12.094400, 9.819987, 7.893103, 6.120175, 4.391971, 2.808131, 1.549200, 0.715565, 0.268940, 0.080219, 0.017479, 0.001450, 0.000003, 0.000000, 0.000000, 0.000000, 0.000000, 0.000000, 0.000000, 0.000000, 0.000000, 0.000000, 0.000000, 0.000000
7810.000000, 0.346453, 0.538587, 0.841103, 1.304812, 1.987571, 2.940538, 4.186274, 5.697547, 7.395897, 9.184189, 10.991211, 12.776950, 14.489978, 16.037928, 17.316906, 18.268060, 18.902799, 19.280286, 19.462227, 19.472914, 19.275653, 18.767920, 17.804187, 16.264635, 14.170011, 11.771197, 9.470759, 7.544297, 5.941207, 4.454181, 3.025500, 1.786729, 0.887376, 0.361251, 0.119750, 0.032728, 0.005655, 0.000019, 0.000000, 0.000000, 0.000000, 0.000000, 0.000000, 0.000000, 0.000000, 0.000000, 0.000000, 0.000000, 0.000000, 0.000000, 0.000000
5520.000000, 0.244753, 0.407764, 0.674001, 1.092257, 1.716202, 2.589312, 3.723189, 5.080016, 6.578912, 8.136458, 9.707955, 11.273317, 12.779598, 14.121761, 15.192292, 15.940496, 16.383585, 16.572506, 16.546517, 16.299330, 15.764009, 14.826226, 13.386417, 11.474820, 9.342770, 7.371309, 5.778285, 4.459591, 3.222826, 2.063553, 1.124437, 0.509773, 0.194966, 0.068481, 0.021387, 0.000166, 0.000000, 0.000000, 0.000000, 0.000000, 0.000000, 0.000000, 0.000000, 0.000000, 0.000000, 0.000000, 0.000000, 0.000000, 0.000000, 0.000000, 0.000000
3910.000000, 0.173980, 0.309575, 0.538115, 0.902923, 1.448277, 2.204190, 3.168357, 4.297453, 5.524875, 6.805988, 8.143668, 9.540455, 10.923203, 12.144369, 13.064534, 13.624020, 13.845834, 13.788643, 13.491893, 12.939174, 12.055671, 10.760484, 9.080045, 7.244952, 5.598979, 4.307859, 3.240828, 2.239348, 1.339814, 0.671390, 0.284280, 0.111701, 0.043896, 0.000735, 0.000001, 0.000000, 0.000000, 0.000000, 0.000000, 0.000000, 0.000000, 0.000000, 0.000000, 0.000000, 0.000000, 0.000000, 0.000000, 0.000000, 0.000000, 0.000000, 0.000000
2760.000000, 0.113837, 0.220141, 0.411529, 0.733001, 1.231259, 1.937195, 2.845000, 3.902121, 5.028659, 6.166005, 7.301340, 8.416353, 9.424802, 10.198869, 10.653748, 10.790393, 10.667814, 10.344993, 9.833365, 9.082399, 8.019513, 6.654992, 5.181465, 3.893128, 2.911662, 2.104632, 1.358195, 0.731597, 0.319108, 0.117467, 0.040752, 0.001139, 0.000002, 0.000000, 0.000000, 0.000000, 0.000000, 0.000000, 0.000000, 0.000000, 0.000000, 0.000000, 0.000000, 0.000000, 0.000000, 0.000000, 0.000000, 0.000000, 0.000000, 0.000000, 0.000000
1950.000000, 0.083764, 0.166058, 0.321721, 0.594417, 1.030212, 1.658433, 2.468866, 3.401417, 4.367345, 5.300462, 6.181575, 6.987884, 7.644539, 8.064554, 8.217943, 8.141222, 7.891031, 7.491413, 6.908974, 6.078349, 4.992569, 3.803109, 2.761632, 1.974484, 1.338153, 0.783376, 0.367869, 0.136048, 0.042193, 0.001870, 0.000003, 0.000000, 0.000000, 0.000000, 0.000000, 0.000000, 0.000000, 0.000000, 0.000000, 0.000000, 0.000000, 0.000000, 0.000000, 0.000000, 0.000000, 0.000000, 0.000000, 0.000000, 0.000000, 0.000000, 0.000000
1380.000000, 0.098007, 0.158367, 0.260432, 0.429948, 0.695963, 1.077541, 1.567064, 2.124522, 2.698683, 3.271386, 3.869263, 4.501210, 5.111961, 5.625528, 5.999106, 6.216645, 6.249242, 6.030363, 5.474798, 4.559547, 3.427986, 2.356006, 1.515490, 0.879879, 0.416090, 0.142645, 0.029254, 0.000973, 0.000002, 0.000000, 0.000000, 0.000000, 0.000000, 0.000000, 0.000000, 0.000000, 0.000000, 0.000000, 0.000000, 0.000000, 0.000000, 0.000000, 0.000000, 0.000000, 0.000000, 0.000000, 0.000000, 0.000000, 0.000000, 0.000000, 0.000000
980.000000, 0.113521, 0.177404, 0.279590, 0.443122, 0.695848, 1.058939, 1.531083, 2.082290, 2.670854, 3.279262, 3.923076, 4.597717, 5.243897, 5.784327, 6.155245, 6.293464, 6.118008, 5.545315, 4.557927, 3.303998, 2.090098, 1.161320, 0.550164, 0.201291, 0.048247, 0.002907, 0.000010, 0.000000, 0.000000, 0.000000, 0.000000, 0.000000, 0.000000, 0.000000, 0.000000, 0.000000, 0.000000, 0.000000, 0.000000, 0.000000, 0.000000, 0.000000, 0.000000, 0.000000, 0.000000, 0.000000, 0.000000, 0.000000, 0.000000, 0.000000, 0.000000
820.000000, 0.088767, 0.138848, 0.219036, 0.348336, 0.550770, 0.845756, 1.233946, 1.691282, 2.182835, 2.691799, 3.227561, 3.784219, 4.312974, 4.747866, 5.024586, 5.070522, 4.801621, 4.156521, 3.177317, 2.078678, 1.151873, 0.536738, 0.196817, 0.048817, 0.003459, 0.000014, 0.000000, 0.000000, 0.000000, 0.000000, 0.000000, 0.000000, 0.000000, 0.000000, 0.000000, 0.000000, 0.000000, 0.000000, 0.000000, 0.000000, 0.000000, 0.000000, 0.000000, 0.000000, 0.000000, 0.000000, 0.000000, 0.000000, 0.000000, 0.000000, 0.000000
690.000000, 0.067305, 0.107197, 0.171052, 0.273980, 0.435877, 0.674209, 0.992427, 1.374462, 1.794220, 2.234891, 2.694719, 3.161594, 3.593114, 3.927009, 4.091022, 4.005729, 3.602871, 2.875057, 1.945892, 1.071674, 0.470760, 0.160771, 0.038609, 0.003213, 0.000016, 0.000000, 0.000000, 0.000000, 0.000000, 0.000000, 0.000000, 0.000000, 0.000000, 0.000000, 0.000000, 0.000000, 0.000000, 0.000000, 0.000000, 0.000000, 0.000000, 0.000000, 0.000000, 0.000000, 0.000000, 0.000000, 0.000000, 0.000000, 0.000000, 0.000000, 0.000000
580.000000, 0.030715, 0.050622, 0.083115, 0.136412, 0.221810, 0.349972, 0.524276, 0.737182, 0.974559, 1.223339, 1.473551, 1.713160, 1.920025, 2.056787, 2.074382, 1.925989, 1.591556, 1.111864, 0.610847, 0.242569, 0.064382, 0.010626, 0.000437, 0.000000, 0.000000, 0.000000, 0.000000, 0.000000, 0.000000, 0.000000, 0.000000, 0.000000, 0.000000, 0.000000, 0.000000, 0.000000, 0.000000, 0.000000, 0.000000, 0.000000, 0.000000, 0.000000, 0.000000, 0.000000, 0.000000, 0.000000, 0.000000, 0.000000, 0.000000, 0.000000, 0.000000
488.000000, 0.014412, 0.024298, 0.039805, 0.063416, 0.098269, 0.147999, 0.216295, 0.306104, 0.418425, 0.550674, 0.694524, 0.833132, 0.940228, 0.984261, 0.937936, 0.792703, 0.572904, 0.336381, 0.149374, 0.045543, 0.008451, 0.000592, 0.000003, 0.000000, 0.000000, 0.000000, 0.000000, 0.000000, 0.000000, 0.000000, 0.000000, 0.000000, 0.000000, 0.000000, 0.000000, 0.000000, 0.000000, 0.000000, 0.000000, 0.000000, 0.000000, 0.000000, 0.000000, 0.000000, 0.000000, 0.000000, 0.000000, 0.000000, 0.000000, 0.000000, 0.000000